800
7346
-13764
16361
14631
-10751
4730
-5624
18890
814
5094
-7930
-19325
-5670
-5084
-11057
-12680
-1639
478
3354
-16055
18090
7538
-1153
13370
-2673
-17084
11110
-5425
-1328
-7747
17206
-18088
-228
-4985
-18913
-5491
16880
-4726
-2807
-12092
5861
-3832
-14160
15121
6437
6677
-4623
-869
4325
-8772
-11073
583
4453
-19915
11852
-8617
-6733
-2471
1640
13365
-833
-1224
-1820
-12618
-12265
-4528
15085
-13750
7093
-13833
-17934
1254
-19682
-13910
-3211
-3968
7560
-7195
-10202
-4950
16990
19027
7838
318
-12438
4270
11859
13281
-5790
-733
6863
18080
-8410
-4155
4410
-10853
-16323
11201
3259