501
251
751
126
626
376
876
63
563
313
813
188
688
438
938
32
532
282
782
157
657
407
907
94
594
344
844
219
719
469
969
16
516
266
766
141
641
391
891
78
578
328
828
203
703
453
953
47
547
297
797
172
672
422
922
109
609
359
859
234
734
484
984
8
508
258
758
133
633
383
883
69
569
319
819
194
694
444
944
41
541
291
791
166
666
416
916
97
597
347
847
222
722
472
972
24
524
274
774
149
649
399
899
86
586
336
836
211
711
461
961
54
554
304
804
179
679
429
979
4
504
254
754
129
629
379
879
66
566
316
816
191
691
441
941
36
536
286
786
161
661
411
911
100
600
350
850
225
725
475
975
20
520
270
770
145
645
395
895
82
582
332
832
207
707
457
957
51
551
301
801
176
676
426
976
12
512
262
762
137
637
387
887
72
572
322
822
197
697
447
947
44
544
294
794
169
669
419
969
105
605
355
855
230
730
480
980
2
502
252
752
127
627
377
877
64
564
314
814
189
689
439
939
33
533
283
783
158
658
408
908
95
595
345
845
220
720
470
970
17
517
267
767
142
642
392
892
79
579
329
829
204
704
454
954
48
548
298
798
173
673
423
923
110
610
360
860
235
735
485
985
9
509
259
759
134
634
384
884
70
570
320
820
195
695
445
945
42
542
292
792
167
667
417
917
98
598
348
848
223
723
473
973
25
525
275
775
150
650
400
900
87
587
337
837
212
712
462
962
55
555
305
805
180
680
430
980
5
505
255
755
130
630
380
880
67
567
317
817
192
692
442
942
37
537
287
787
162
662
412
912
101
601
351
851
226
726
476
976
21
521
271
771
146
646
396
896
83
583
333
833
208
708
458
958
52
552
302
802
177
677
427
977
13
513
263
763
138
638
388
888
73
573
323
823
198
698
448
948
45
545
295
795
170
670
420
920
106
606
356
856
231
731
481
981
3
503
253
753
128
628
378
878
65
565
315
815
190
690
440
940
34
534
284
784
159
659
409
909
96
596
346
846
221
721
471
971
18
518
268
768
143
643
393
893
80
580
330
830
205
705
455
955
49
549
299
799
174
674
424
924
111
611
361
861
236
736
486
986
10
510
260
760
135
635
385
885
71
571
321
821
196
696
446
946
43
543
293
793
168
668
418
918
99
599
349
849
224
724
474
974
26
526
276
776
151
651
401
901
88
588
338
838
213
713
463
963
56
556
306
806
181
681
431
981
6
506
256
756
131
631
381
881
68
568
318
818
193
693
443
943
38
538
288
788
163
663
413
913
102
602
352
852
227
727
477
977
22
522
272
772
147
647
397
897
84
584
334
834
209
709
459
959
53
557
307
807
178
678
428
978
14
514
264
764
139
639
389
889
74
574
324
824
199
699
449
949
46
546
296
796
171
671
421
921
107
607
357
857
232
732
482
982
1
501
251
751
126
626
376
876
63
563
313
813
188
688
438
938
32
532
282
782
157
657
407
907
94
594
344
844
219
719
469
969
16
516
266
766
141
641
391
891
78
578
328
828
203
703
453
953
47
547
297
797
172
672
422
922
109
609
359
859
234
734
484
984
7
507
257
757
132
632
382
882
67
567
317
817
192
692
442
942
35
535
285
785
160
660
410
910
99
599
349
849
224
724
474
974
23
523
273
773
148
648
398
898
85
585
335
835
210
710
460
960
54
554
304
804
179
679
429
979
11
511
261
761
136
636
386
886
71
571
321
821
196
696
446
946
40
540
290
790
165
665
415
915
96
596
346
846
221
721
471
971
19
519
269
769
144
644
394
894
81
581
331
831
206
706
456
956
50
550
300
800
175
675
425
925
108
608
358
858
233
733
485
985
15
515
265
765
140
640
390
890
75
575
325
825
200
700
450
950
45
545
295
795
170
670
420
920
104
604
354
854
229
729
479
979
30
530
280
780
155
655
405
905
90
590
340
840
215
715
465
965
59
559
309
809
184
684
434
984
27
527
277
777
152
652
402
902
87
587
337
837
212
712
462
962
55
555
305
805
180
680
430
980
844
219
719
469
969
16
516
266
766
141
641
391
891
78
578
328
828
203
703
453
953
47
547
297
797
172
672
422
922
109
609
359
859
234
734
484
984
7
507
257
757
132
632
382
882
67
567
317
817
192
692
442
942
35
535
285
785
160
660
410
910
99
599
349
849
224
724
474
974
23
523
273
773
148
648
398
898
85
585
335
835
210
710
460
960
54
554
304
804
179
679
429
979
11
511
261
761
136
636
386
886
71
571
321
821
196
696
446
946
40
540
290
980