3741
5711
10454
6301
18817
11290
13141
11491
2224
14117
12881
9095
7514
19375
13920
2424
14804
17002
18076
4083
7372
17606
12185
2666
16159
7022
17351
3657
19669
18233
2790
11788
15780
9143
2509
14625
7300
9052
9131
2705
9707
3348
4614
2115
4014
16331
7363
6582
12060
2678
10569
6836
12405
6611
18807
7666
4809
4050
7657
7253
1965
7350
13130
9061
11774
7497
8038
2499
10462
2639
14874
12398
11088
14679
12848
5541
19220
17631
13034
15898
13544
16311
4310
6644
2149
18611
19580
6972
3860
15893
17212
11181
12073
19224
15596
17546
10154
5288
9734
13951
11174
18839
19802
7877
7159
7231
8780
14056
6704
14633
16434
16330
8949
19779
3049
11894
13243
19368
5315
9432
6541
1951
6926
13042
13951
5436
14038
528
7847
3785
2732
11217
19079
15117
565
1024
14224
5156
10723
13765
10871
18910
15296
16286
3264
2154
445
12124
9949
15143
14710
10782
7623
7496
16685
5196
4859
13289
7437
15192
13132
2538
9786
12637
19388
8170
17260
1808
8671
17181
5225
13340
8086
19190
14433
6312
10966
15689
2994
5616
7651
13391
16578
16243
17758
5564
14756
19732
7609
170
13524
15563
7115
18368
18063
4320
9755
3018
1514
19529
4917
10220
19142
8259
14965
18638
9805
6340
19603
9275
3732
14072
1989
8243
10578
17515
6769
3954
11425
17942
2789
13015
9359
726
13690
4224
14941
7675
19234
4150
19635
9847
14708
17600
9370
12194
6063
10161
3649
6554
3754
1430
18689
9206
344
2060
8640
11135
11668
16320
11587
14324
8786
12398
6440
9184
8212
6372
262
3716
792
810
11221
11211
3382
291
12904
6183
11787
2150
4358
6969
14686
680
1067
7357
478
13550
4629
2515
6469
7455
2798
2183
2451
6692
18123
12373
2431
6249
9685
2953
17814
1000
1276
19242
16870
15222
6287
17989
10964
17301
11768
3080
14217
1939
3296
15622
12247
17396
19551
7823
5501
16730
82
13232
15374
18823
7405
15324
7510
16645
7166
7744
15245
8261
4630
19047
4602
16441
15231
13327
16504
16415
3416
7233
1999
14495
4017
14945
3912
4059
15460
1367
19468
19196
8867
17411
6239
6034
9158
3952
13642
16456
407
9481
18810
14295
19445
19497
14622
11156
7065
17124
14490
19089
17685
9509
1371
66
10722
19205
19227
18970
16206
6539
17885
3623
17921
2093
17267
6276
12827
6753
15049
2059
18461
8883
15823
7286
19452
3742
5519
9912
10787
5405
11961
9529
18931
11585
17074
9324
3700
8244
11988
19123
2644
19137
993
3549
9829
12228
2264
1896
15243
10859
5813
3374
10545
10227
11302
13318
18706
9323
3743
1568
5827
13696
10138
12868
1153
17485
3006
18857
12581
3436
2797
10011
2941
13959
4048
4037
8695
16336
14097
13626
18587
19265
2398
19165
11318
6072
10319
11721
5482
15557
19049
17136
2848
8864
9883
16410
5795
18603
5127
14090
16798
13568
15210
12911
14419
18202
7720
4247
1592
5191
6333
9316
19995
13106
16116
1787
5915
2678
7887
6470
9555
18464
62
11860
4397
4776
1907
11193
15401
4777
11942
5762
3367
1284
14108
15416
14249
12614
6311
3762
5127
17426
10556
10637
10736
15034
6212
14787
16898
12415
18350
15178
8139
8217
6573
4688
19886
3222
12176
2043
18454
18285
16714
13832
14784
3428
2755
18456
2595
1232
13440
13220
12780
17471
11297
9757
948
2575
4190
4756
18217
1494
19959
7434
10514
3759
6998
1450
14097
2225
914
338
6158
14371
16366
19408
17309
5843
596
8599
14116
11925
3829
15368
1768
3158
17687
1059
1707
10314
9792
5934
4385
2435
19089
16698
18762
14424
16886
8888
15327
19509
10945
3014
14334
6565
17328
15387
19223
19290
2401
11313
16102
11904
13520
5984
195
10952
10065
5503
772
12378
11740
16115
6875
5456
16473
17233
10025
595
7910
16187
1433
100
7727
16351
12635
5805
5416
3144
3581
3406
799
18522
12634
17775
10304
9306
2474
16402
12329
3313
12213
18876
2212
11582
1654
12820
17290
12424
17427
3519
15824
4560
16835
10784
6382
19158
12903
5463
17219
12793
17350
14433
19268
15521
11460
19704
11360
16290
14227
18694
7361
3207
6399
144
3190
13911
4468
15404
10575
13238
16407
14123
11784
7283
5020
13886
4284
17428
9383
19417
16443
18274
13187
17253
17336
17970
11992
11969
17602
11120
5142
10289
8677
17431
2362
2539
19469
19505
272
1208
12574
17647
8329
3151
18304
8007
17053
17591
9440
14949
4398
12528
11874
6963
17178
160
6502
973
9828
9400
11781
13854
15392
318
8556
4604
10593
14349
19490
1970
15322
16510
3624
8788
11513
10923
15403
14650
4206
451
11381
13337
2702
4583
5067
2858
14364
4835
7421
19044
7071
3068
12770
1701
6563
12004
13928
12272
722
12158
10514
19790
2913
4405
4022
4835
8016
19675
10286
7871
7736
18046
17261
3393
18788
17892
7745
591
18637
10996
18561
13375
16887
11295
13065
13373
15812
16319
14903
19224
7819
142
11704
5354
13591
10104
4101
15367
1862
19690
14803
758
10067
17001
2219
16279
11953
6100
16003
4166
3601
1609
6478
18800
15954
3410
1368
947
11328
1590
11893
12144
2672
16331
1040
12953
1567
11393
19958
7817
19173
5478
6177
9077
13938
14942
14442
7816
19309
11982
15359
9859
10443
11696
19672
1249
19004
4722
19443
10161
14679
984
8404
13201
1612
11916
16250
9283
9364
9143
5186
18889
14243
11315
3801
18436
3217
17660
7355
15936
13030
16458
8107
297
5360
2711
3948
9647
2341
8276
16626
14767
7280
16240
2206
12490
7294
9990
3342
12761
9611
14748
10228
2295
10466
12844
13836
5269
13428
10525
8656
8370
17420
12374
4526
14832
10201
6611
5766
9288
9777
2150
11541
3972
10149
12611
19549
14152
6612
10970
1666
7860
13684
4440
16748
18668
3344
5757
19131
18346
2722
10623
6829
2429
4091
4642
16851
10269
10303
16270
344
19004
5220
7723
17788
7450
14779
14102
1230
1485
10836
2154
3185
17154
6390
11519
13315
9142
8411
6255
18645
1903
6533
19546
17016
5659
3914
5371
13323
5802
6112
8154
4361
18161
7427
16724
13077
6793
16513
668
14877
16055
5374
4984
11054
7325
395
14305
6374
5145
854
652
11792
16244
10587
18894
13916
14900
12613
19293
8534
13465
11125
10903
6732
5453
11152
2606
15745
4611
18343
18356
539
1549
5744
14921
15985
3105
18764
7192
14129
12255
17098
19704
1606
5290
14331
2348
17901
11800
11018
18260
12045
7755
12576
15485
12806
10975
16425
5696
16800
17390
16919
7064
6871
9909
16790
8879
17196
12703
6451
19234
19753
10340
12077
17227
2138
14683
14864
10287
16258
3933
5041
515
17177
3254
8823
17707
13081
19384
19298
15793
15953
6853
19359
18960
17428
17814
16896
10328
327
9823
19226
18748
18882
6388
3512
10607
4359
7865
192
1591
8144
5234
18864
586
6661
11134
5737
18895
16515
14143
6507
1549
8286
11142
5068
5364
6267
18633
14818
15920
11776
1619
479
17961
17037
15989
19175
1934
11831
10348
6530
1911
9066
17382
2045
17071
18724
15583
17624
7531
1799
4964
16414
9282
15127
17813
8145
9556
13357
17319
2249
14506
12845
9666
7150
11438
11934
14696
19233
6134
13982
7705
7652
16318
872
1803
14969
2599
10983
19346
17731
18985
2989
5009
1354
16439
5528
14177
15740
6906
13333
2257
1609
16045
17912
13941
4438
16280
13388
4372
10800
15328
18766
1988
6607
6258
15382
6613
11566
16199
17106
15903
13881
12946
443
2099
6722
12509
12387
2165
8472
3947
40
10141
9739
12174
3587
12312
9446
16790
13138
5702
7180
2046
15878
9599
9911
5368
7776
8050
6252
7055
9566
16121
11342
16801
2984
7084
11276
13102
17210
15050
11390
6005
6587
13293
17440
14805
1804
1388
16332
7671
3720
13634
2682
6141
7142
10551
13376
18543
17802
5272
9205
12276
14107
19329
10857
1017
7996
7513
14843
19126
10608
5019
18195
15084
7400
1289
9828
11518
1739
496
9311
7212
14932
5811
3534
5666
9443
18733
886
18127
5770
9347
13404
15264
2757
8096
18972
6220
5236
10094
5552
13107
744
8542
2777
19299
13545
17756
15041
2627
1548
587
5269
4401
2664
15829
18809
9868
7591
18997
12448
14000
13683
14563
11523
13946
15226
12416
16511
18455
8777
6691
17470
2898
5923
11320
14652
17050
1899
16053
14598
7464
18660
6912
10060
15771
4510
4373
12141
9688
5583
225
15418
5873
16961
16789
7744
13227
16846
16006
409
10062
18002
10721
7085
7395
12925
8267
18144
8249
7776
15618
3218
823
14439
9794
5894
15192
5888
13972
14386
15492
18930
5180
17614
6979
1692
14708
5467
17503
4362
2305
1133
13769
15650
15172
6638
16981
15847
3540
17719
17879
15335
2505
8544
13454
12404
2840
10693
8766
6832
1305
16343
7030
3316
13506
6857
15042
525
19699
7931
12633
7527
18487
2633
9123
11660
14918
16028
15008
17805
16967
2255
6624
4922
8977
4512
9627
15514
12746
14792
885
14663
6127
5194
11607
2619
13530
4145
17672
1290
1949
9296
3504
2767
13545
4805
13205
17469
9955
7580
3761
15523
16218
1653
18891
88
5227
3556
17938
5396
591
9041
10085
9128
25
2810
11039
18234
7042
849
8029
17891
19755
6531
8893
6608
10658
12022
14447
10247
2062
10825
13185
657
10438
3134
19318
15906
6797
15028
15302
17169
18498
2597
6271
9460
2358
14174
11793
18907
9399
18429
11348
12897
4325
12642
1607
18721
3921
11359
13378
6670
6122
155
7552
3757
8948
16555
13200
18991
19482
13226
8974
2449
13989
4458
8216
14755
13919
14600
9923
13306
4794
9449
1160
5966
6619
3445
6661
15669
18667
12437
8869
8873
5173
17948
19792
13662
7848
17039
6942
8852
7620
645
11451
14840
3536
18181
1677
16600
19719
9582
6729
15045
7200
10195
6047
1931
16040
13584
3468
14068
13560
19190
10726
8641
13723
5835
12541
18706
11948
6365
8603
708
14422
15112
11125
16088
2892
11097
8651
19909
13078
18876
17514
256
8451
1620
11715
3679
4864
14827
7173
12464
5644
8666
7204
19264
8803
3709
14752
1869
4364
4617
11395
15119
19955
7077
6172
8507
3328
10255
4880
8439
1672
4595
6192
2529
7715
19150
18648
2450
2693
19187
14544
13532
394
19727
19236
492
3426
2821
7902
8786
1490
9441
14211
14556
15112
12275
11517
14942
12311
16371
15443
9786
6868
7637
5956
6383
4216
16978
4670
13620
8249
9091
11530
6255
9206
387
6965
11197
3557
8038
9623
12342
1239
3330
8397
8479
16667
722
4539
1573
11814
9081
9154
3773
13571
7103
15479
18170
18189
11008
10742
11614
19133
949
12165
12125
2149
10586
4818
5834
6990
2917
19568
3118
15475
6221
16242
267
4116
18323
13167
10582
19286
12688
4715
9213
2727
10223
2873
2589
9918
6139
320
5504
5281
15648
17885
11499
14316
1027
12383
5125
17178
5795
7339
149
13082
10754
1672
15550
2911
12986
12350
12140
8474
7016
18077
5528
1198
4435
9547
6434
8772
3413
14476
9538
19492
19637
10151
650
15383
12382
12426
10732
14711
10673
2004
18558
4745
12853
16556
19313
9308
19202
6402
2409
1814
15477
6741
18606
687
2681
15676
16452
16189
14164
8513
19509
443
11218
11896
18980
8113
9480
17329
8223
8995
19509
3284
5589
18566
6410
5469
16672
15230
628
9473
1107
3578
11207
11950
10426
10037
3675
6069
10257
19925
13077
9821
3030
15678
12909
13981
16943
8302
14898
8370
9163
5956
11292
9065
7718
992
14083
15825
12565
9098
3963
2213
6752
7786
6581
5693
6090
10187
3254
4042
16031
9312
12306
15217
10998
18194
660
6294
8338
5883
5728
16828
2152
15646
3417
14147
14106
19555
12928
15700
874
14072
12427
1573
3225
6348
14748
18083
17903
3118
1893
6073
2191
14548
2080
15965
13164
4305
18501
18118
8397
2139
18033
18540
3340
2066
12229
17246
7016
17850
13891
6077
14208
8591
14755
7656
4508
14184
16311
6009
8022
18651
11383
1085
15361
1519
9198
11240
17197
18093
9442
4503
18262
14563
4202
14865
8591
16431
10850
2398
13791
3249
3741
168
11545
5725
3324
13997
15767
12868
14700
19176
13533
16312
18816
16196
17900
17590
7364
12416
8758
18182
13301
7925
3723
3221
1712
2349
533
14593
6455
9263
19876
1535
9038
11350
12352
11818
14986
9236
19503
2938
16020
19952
788
3811
4907
169
16336
20000
8072
4189
6052
18834
9235
5196
458
4898
13097
12135
19444
18689
10751
1800
18540
18404
8686
10326
10576
12718
7040
17385
9068
806
3071
18900
13726
18199
2272
10839
4284
4141
13676
8818
2956
18759
19357
3554
6803
7326
17226
13558
13413
13822
381
15248
16418
14373
4225
5548
4156
11907
1892
16090
10038
8011
13841
9846
12116
9145
11087
327
15390
19439
3092
14008
18373
915
8138
3291
12401
9395
7785
3575
6960
3749
8793
5764
11510
17468
1701
19782
3211
17929
19321
12948
918
10006
7427
14910
5380
18695
15225
17706
6528
8197
9462
3729
18377
12200
1005
11393
7003
8479
9994
6455
822
4862
7609
5387
525
8985
5733
16033
4384
18332
1388
19278
8678
16333
14400
2449
1334
6684
16999
18567
5923
11708
18905
18188
13125
13432
5207
19469
10919
2087
18809
11757
7806
8696
6773
3840
2261
12526
14599
18525
10079
1303
3651
133
19766
16351
10520
5396
12834
533
4645
10671
4499
2876
13710
19386
10736
17063
2285
16012
16529
12044
11403
18872
7477
15526
12152
4685
19400
10494
5482
11172
2048
3583
18219
7711
17798
12747
6305
12730
9193
12711
14980
13331
3072
13441
3989
3497
19622
7500
18191
7698
10971
12160
13283
2289
13239
7674
10774
1933
5238
3895
778
10056
15761
4906
11250
911
8839
13733
5990
7276
15779
16608
7852
2154
16011
8753
1560
924
14631
9709
16532
17490
14374
17625
15622
5254
19788
9251
11525
4983
9255
8206
12800
14489
4803
11275
12590
15359
6251
1740
12517
6436
10516
8778
18751
8043
455
5261
4272
8884
15668
2936
10812
8713
14416
10847
8489
9897
9901
3930
10802
9504
8084
19226
15874
1365
7019
414
15510
16505
17099
2544
3680
15849
14456
14011
14896
5428
14643
5730
11753
56
6684
4516
11516
1346
10328
15930
7386
9747
6140
18946
9487
13938
15421
4067
16049
7685
2957
4647
8288
8431
6426
6522
4692
10129
15996
360
19744
7877
18271
9339
14876
3387
18047
8802
14274
10299
15625
12683
4642
18276
15314
8342
4341
16753
14587
12783
19204
19979
8942
1868
16438
11745
12028
9317
13499
12614
6391
2816
2645
3178
2547
19879
9843
7746
1493
1722
15521
19162
18326
7079
2348
124
192
10582
9101
2019
7493
19688
10659
3706
16104
5909
18014
14763
23
17947
18018
18233
10150
4207
6490
484
19077
18588
19654
10892
5519
4753
16572
1728
7539
19
5008
14934
7851
304
15594
18563
1653
16817
17900
3617
7174
15415
11376
1798
19759
16544
12229
3002
12120
11630
17727
17166
17881
16810
2509
13032
16567
4532
4150
8408
1890
3485
13159
17855
12722
16830
6426
8422
7889
7411
7973
11973
8367
18730
6362
9718
4717
13833
594
11746
13216
8217
5891
7924
10777
16162
14656
11133
3530
7843
19769
13646
18337
1635
16495
4938
2014
143
8356
16646
1608
19376
7280
8407
17793
3074
19764
7272
840
4210
10732
19377
13817
3975
6875
10172
5721
5279
13470
42
16948
11984
11988
14582
15005
11996
14471
11057
16515
13061
17576
886
4546
9316
14399
4961
19846
14483
11851
18940
10984
7323
7001
14658
10196
4737
1454
12159
2179
8912
5921
4774
3232
105
16158
18204
11113
11388
6790
7899
13888
14614
10019
18451
19111
18111
14804
6038
14976
19431
12291
3980
4715
15563
18503
4238
11977
8917
1168
14430
4454
17166
10121
16705
1500
11940
438
731
1024
11699
1400
12172
13741
12263
17594
13468
4922
13907
6521
9
4827
7787
13581
8765
6933
6149
12451
4711
5952
4497
700
12575
13988
12133
12491
11589
13214
966
15212
5616
43
18280
14133
18565
13349
17434
10563
155
9121
1405
3278
14508
5423
18063
13706
3229
19584
7712
13122
18572
17822
12717
13692
16656
14613
5559
19396
243
13477
3217
7868
19942
15598
5117
7096
2562
9303
18379
930
8433
17360
11608
7806
16662
143
16796
1415
7979
2911
1904
10672
1494
12650
1260
4501
10040
2668
17996
13893
4217
10460
8346
2971
8345
18280
15237
3656
18485
12411
17414
4658
15491
11600
1579
1101
8741
19234
1974
18520
13101
14874
2166
3706
19774
8318
478
8054
16347
19402
461
13501
1349
8666
9226
19666
654
6687
6002
18777
19903
2931
1272
19011
17675
18155
2909
6304
6475
14787
8226
13164
6234
13131
10359
4376
8638
1281
10664
13071
3930
12622
17890
7097
17768
15881
9705
14997
3181
18832
13968
18750
9372
2357
8245
10426
10033
13048
683
6163
9898
8617
15264
5333
8623
8091
12809
4598
15807
4729
10611
19920
17769
19190
16075
1947
790
15561
18823
10098
2199
12948
8006
4100
19642
18683
4056
1796
16904
15852
4058
7877
7826
18427
14173
4592
14249
15720
617
11028
11762
8726
3668
10241
19108
19601
3581
4049
8626
7363
8997
11344
10842
3540
6117
12088
13337
15358
9490
13749
1571
13143
2599
16966
19498
6545
15847
13049
17210
9898
10535
3724
10382
13804
5242
5383
11614
4569
3805
6134
6034
7492
15292
18144
6925
1302
15422
18746
10644
18420
11707
17621
6095
14321
7183
4934
13161
4229
7212
15615
5214
16331
2988
17915
14210
692
14237
17363
16689
16677
4841
2157
15648
7206
385
6449
3646
12357
19112
13662
12147
16508
9821
17236
8173
14162
13857
6991
6639
14666
2236
9066
8864
10894
17889
4973
7922
6964
11435
17106
8897
17744
13285
15287
7919
4080
18687
6094
11711
10924
12954
10214
15321
12666
15984
8063
19866
8901
2023
6845
7892
16646
16160
13229
9294
5029
65
210
8972
11992
19096
5094
16157
8655
3206
3380
13237
495
15153
14471
18038
2900
14292
6850
18541
1295
9717
9047
14145
7519
18014
12062
11969
14467
2289
11428
1011
1598
778
7418
9344
13457
3790
16061
8007
68
6817
592
10692
6991
17113
5925
15959
16530
786
7967
14020
8659
17608
118
10053
16976
3800
13769
13214
262
13781
2026
6841
5736
9289
3852
15013
2824
19217
15163
10732
6325
2841
8830
16454
10497
10541
1815
3888
3444
19676
13484
19713
10960
11710
14484
6603
8866
15321
2146
17669
4722
11558
16889
7110
1186
17185
4234
2780
12952
6720
1099
13537
12007
8440
1688
12668
19850
277
3279
17177
18192
11091
4543
18764
5636
5727
18552
8136
8567
6011
16052
11917
2174
9636
18549
6111
4252
12450
15786
14726
3441
17792
12733
15658
18588
7163
2330
281
1376
5693
16393
16475
184
2269
17619
3296
14262
12074
1262
8776
12733
12171
9822
1139
2944
6136
19661
6390
832
9481
10426
8214
8228
3454
245
17631
18038
2731
16960
4211
17038
19486
13947
524
10991
10656
13029
19569
9760
16798
6878
14209
6614
11101
7668
11349
579
8622
10656
3108
6201
12290
7610
18975
9248
2022
3457
9481
19929
12290
12253
1597
19084
12214
8826
4857
1322
4113
4313
2284
10986
6635
12910
1247
19250
10548
1643
11748
10896
2101
6629
10685
2344
6357
18722
8727
17907
11366
225
12738
12415
8995
14062
5061
19902
5139
13879
17233
13849
4128
13133
4276
4553
2479
6884
18358
11633
9602
2278
19015
1043
3147
143
2952
6726
12741
12196
15235
1946
12572
11571
6759
8272
11792
12945
9051
12205
16341
3327
2312
1001
18952
5436
5914
7713
3487
19394
1467
827
19868
16694
13744
10588
19374
15131
10413
14639
16228
1184
18695
11165
1309
14850
14921
1789
9343
13570
8103
6594
8674
7902
16891
14488
4304
6381
3192
11467
7351
18199
1702
2602
6332
10730
4695
12255
15914
4452
12637
19349
17412
6441
18908
12431
5675
13929
9940
16783
14960
14933
11002
14352
6404
4501
6388
2262
6552
10038
12686
11993
12025
16568
2175
7541
12356
10607
17976
13868
8085
5073
11611
9049
10505
1891
11581
9837
13730
4234
6789
2189
4785
19361
2965
7684
13585
9941
3798
11849
14888
14865
13650
11230
9170
13474
18946
7661
3098
6696
19020
11285
11849
15022
13387
12899
934
5438
15788
11312
8116
16172
10757
2676
13021
1032
15143
14987
13271
17343
15000
19056
19364
12432
19228
14416
17889
3672
14891
6493
4487
14376
7170
4726
7914
5885
1387
9999
15636
6797
18657
19453
12285
19168
15572
17410
4838
3584
3955
4548
13378
13850
13182
5588
14769
18499
6052
18732
9396
19959
19059
3196
17268
11252
7513
15205
1711
19863
1246
9749
6104
3805
2459
16881
3410
19881
19184
4281
2949
13592
9065
18601
12985
2180
1930
11851
10491
429
12453
6322
16053
2255
1938
12909
1854
6663
5049
11170
12081
5120
3798
5700
9412
18815
13312
6819
8240
3102
19838
12197
13817
11242
3546
17925
5562
14745
10052
4094
3146
5901
15864
8068
15923
1220
4681
5777
10002
18523
1642
5086
10665
3264
15049
6524
18099
5188
15245
6452
7779
12163
1857
19780
10828
12481
19542
163
445
1637
13480
1762
19502
16689
9402
17655
2000
5551
14696
945
6753
4061
8114
7876
8152
4667
18607
12678
14598
5205
444
3877
17594
7116
9209
17942
19092
7519
15474
14816
9062
6249
3692
17523
7338
7623
13456
17853
12442
9684
1832
6449
1972
12877
3973
9333
3835
2086
2634
17296
16680
13182
2981
8214
16254
11926
16783
3894
13372
12569
11809
5299
17014
938
610
7974
4615
7846
6628
762
12842
1934
11500
17358
10502
100
8478
255
14863
13472
4084
3002
4213
9364
13201
13266
5316
17544
1837
1568
14811
16380
14449
3264
7195
18142
17205
2764
18749
2831
15862
17127
12865
7374
9443
5998
19411
7631
430
5756
17590
7301
18389
13575
10062
9072
3805
9784
5986
3814
5277
4499
7229
16628
5867
5148
19957
10909
803
4462
3512
3269
19307
6917
14683
1323
7553
12805
10785
1055
9972
11299
11109
15241
19523
14107
6729
5139
5962
15668
9272
14743
15390
19760
2128
6704
7190
15979
18938
2169
4534
13478
6928
7395
18961
609
6690
579
16940
5695
10722
5173
11019
17211
9846
19362
9019
6502
10623
17117
3507
6888
16999
17539
8590
3273
11455
10693
18206
10775
12314
11295
19790
10308
3691
19668
15396
9306
6135
13538
14916
2593
10133
8200
5668
3177
13332
6846
1205
5144
5626
19156
12384
11723
17210
13134
19914
2299
2787
11663
5807
17410
5809
14611
49
13952
10547
5431
4438
2555
1272
870
1444
8447
7935
5756
3369
15058
19523
5854
10672
4692
17820
2520
16755
15017
3394
7156
1436
10644
18924
3767
8770
354
4898
5624
13080
19054
2534
6284
3758
17409
15543
3386
10983
18218
19854
13876
12817
2225
11507
740
10772
11389
9759
1083
480
14499
2437
4479
5615
10865
16804
19053
1840
7183
2818
11444
14774
11697
4841
10074
13132
19939
5659
11561
3009
18664
10588
1713
15799
10963
7396
1099
11609
16075
4992
5584
15191
4911
10004
4389
4853
9192
3402
10878
6003
13281
4556
3936
15128
5064
3484
91
19679
10532
11652
2272
7639
16373
5701
5036
13651
18583
13686
5423
9389
549
18202
6439
12977
15009
1664
9043
10091
13077
14565
13930
4502
8014
14979
19418
19276
14745
14794
5629
17963
18734
12276
9259
12600
14446
7626
3243
5577
14515
12862
12958
1330
14630
14010
10252
13027
7692
13908
2806
7787
13253
14905
6446
3931
5597
10407
13921
13322
2690
13405
6434
994
17401
4007
13141
18089
12606
6442
3386
15054
12899
19300
2090
13565
19152
3561
1276
7635
17166
10526
9898
9266
2998
17642
5373
8631
12492
11013
3912
11356
10812
16872
2468
17890
18173
6112
15806
15670
8542
8191
9911
18534
14843
3738
17906
15214
15378
8994
13032
4421
547
18705
12189
7545
8845
13774
17725
11342
12395
2838
1018
13206
18770
7752
18840
6179
10803
2394
12238
19420
2153
17349
18219
19581
473
9140
2780
15404
988
16382
14922
5785
5155
7997
1576
1549
9945
1492
1920
14949
18222
16212
16589
5092
630
1704
14868
15822
3906
12430
19485
16974
3268
307
16255
3274
215
11629
1792
19005
2905
11197
16257
11567
10465
5521
18754
331
9925
17647
14343
7977
7811
17293
9864
4525
2255
16281
19167
15870
2411
6361
8024
15445
1061
5680
11832
4696
18311
2341
11896
8906
19209
14529
9114
8873
6081
9818
13384
13233
9569
3483
9187
2191
3434
13284
6959
3677
7417
12733
12192
2442
16719
14731
10618
2622
14600
17930
10154
14545
19459
12956
2515
7945
10113
10598
17287
17951
12334
11823
18574
16307
8769
6783
16966
3448
16147
13709
18616
19399
8873
19247
8934
15635
3714
910
14464
15539
2645
2912
12806
7144
11175
10008
13755
11362
11339
16204
1564
16172
16047
7315
2301
1955
730
2766
17704
558
3474
4363
16775
18170
14702
10027
5533
7745
5583
9824
16334
14603
7695
19995
16911
3142
5443
15632
18792
3235
14564
16103
11030
18347
14762
19078
4511
17366
4141
3435
16053
12408
9754
5536
-4197
-16155
-195
-6166
19516
8665
-7371
-19334
16056
-18137
12027
19860
-10451
14313
13826
12614
-3424
-5712
-8590
18756
-8911
17171
-12521
2592
17863
-2519
-1235
-14532
11662
4737
-17421
-16815
5958
-14382
15463
-16989
18651
-9670
3589
-3166
12771
10766
-7624
-15915
-4764
9516
-2766
-18098
-19106
17955
6360
5672
338
-5829
-17723
-7130
-17633
5617
-5294
3846
-11796
-4049
-4406
14849
14163
19823
-10833
-14014
-17726
-5619
5854
10874
-16345
17979
-4041
8338
-3051
6911
-2471
13143
10847
-19717
-19581
2080
-18073
-10836
1396
5424
-17177
-1451
3484
15845
-233
-7868
16021
-18585
-3022
-12569
15360
2738
-19484
12727
-682
-5178
-17336
4488
-18341
16093
-8686
-12999
-18390
912
10808
3281
17136
16101
7922
-625
15346
-5080
1734
-13507
9054
13650
3616
-4993
-19477
-11088
13586
8626
589
-1489
-2125
10390
5753
9275
3040
5862
-4469
-15758
-4267
-11281
-13094
7271
5489
-8474
-163
14614
-2166
17985
5311
-7984
-14534
-11160
9576
8233
19525
7413
30
-2125
7147
18592
15033
-1186
-18616
-19247
15467
11659
-7683
-5671
-17981
-18562
7516
18437
1157
13498
12266
160
-14575
14710
-5831
12366
-7792
-16457
6046
1787
17697
4954
-327
9749
2238
-9708
18706
1640
-10905
8407
-6657
8146
9395
-19639
-19900
-5109
6719
-12687
-6174
-14614
-19610
-10383
-13478
-1991
15625
-2283
5147
-13049
15306
-8225
-8369
4479
13279
-11088
15023
-13568
-10449
-15660
-15468
6614
-7131
-19710
-3300
-7375
-19020
7809
7589
-8473
-3431
-4180
-8176
8898
9878
-1147
-12951
16134
17022
-10782
-11700
-1264
4163
8184
5477
17869
-8366
-17367
9930
4595
-19977
-8077
-1522
-6418
9768
-14913
-8783
5379
-19066
-3135
13295
3837
-19587
-12029
-5358
-9495
-74
-3083
-12411
-1119
10421
-13739
-16887
870
115
1292
11664
-15647
-18833
13122
2006
-12798
7683
-18140
-13366
18901
-5352
-7976
10461
-17584
-14501
1907
1274
234
-5437
-11208
-8270
-5633
-11737
15687
-12038
10157
-14066
-14604
1245
5484
1166
-10781
322
19767
12645
-15607
-3001
-15810
15384
11882
-6944
8820
-3595
-10571
-6349
-8667
-19633
10983
-10792
-12704
15712
-17477
-13698
5087
985
-17435
-10351
-18478
48
-4156
-2412
14738
11966
-3841
-12688
1049
6256
1519
-14418
-5575
8350
8455
10674
-19389
-12120
-8148
4244
-18371
11308
6198
-9935
1772
8410
4262
2891
7605
5469
-4932
17452
5270
-7276
-15102
-1617
5026
3008
9664
-14747
-12398
18321
176
-15292
-841
-14031
-19505
-14897
-10711
-8677
8931
11207
-6809
-8753
18776
11870
-2596
1425
14418
17921
-14183
-15032
-6894
46
-16480
19298
4741
-11530
7907
-938
3546
2832
4294
2994
-14946
-8786
15712
14293
-13669
9264
2655
17606
18132
-19065
-1370
7876
8527
-10961
19438
12555
-3926
19403
7674
7087
11956
11431
-1158
-12138
-19675
7632
-5376
4419
506
15554
5996
-11272
-3562
-7117
-1114
16549
-18782
-7979
-5339
3101
-15977
-5190
-18939
15774
509
-9755
1681
-5051
327
-14831
-9940
-7201
8081
-5237
1827
1809
10984
9634
-841
-8890
2049
-18891
2018
13903
9636
17382
-15433
13212
19438
11536
1722
-4064
6091
-12822
15856
-3850
-17883
-16058
-9163
-5560
18272
-14956
4236
12164
-14522
15421
8275
-3877
-14464
14075
5423
-12039
-2533
-5465
16353
10892
2122
-8432
-7484
15915
6136
-14413
19069
-7172
-17577
-7176
-19182
-11262
-18784
-19384
-18981
14790
-8920
19180
-17254
722
17719
10123
18737
2568
-16910
-17896
-368
10496
-18468
-16150
-12833
-17416
14351
-8379
-6280
10
3118
13402
8290
-16529
-1101
15021
-16387
4809
-17876
-11662
13709
14120
-15216
-7217
5643
-9831
847
13753
-11130
-7537
-17007
-1582
4082
17094
-15328
-14129
11543
19197
4794
18509
-15470
-14795
-5160
19756
-3196
3947
11542
-5068
-2839
17413
-3038
7239
5701
4478
-3140
9642
11633
9684
15309
3172
5065
-6290
1014
-15512
-14300
-8528
-17860
4275
18591
-6645
8378
12813
-13160
-4190
15341
3419
9069
-2810
14384
18251
16761
-18513
18398
15405
16045
-13316
-10905
7307
-13740
17623
5153
-18951
6065
5826
-14997
-5441
-18228
14278
-13716
-789
2062
-11784
18725
9431
9948
14083
6619
4210
954
-5509
4516
147
-7409
-15967
-4787
-7075
5495
-6358
-612
-10309
668
-6723
-1939
11832
3793
3486
-3850
8584
-13339
694
-16070
18652
3816
2022
13761
6228
16314
-3157
11379
13255
9130
-14400
-3902
-10813
3521
-5997
-19235
-18249
6870
75
2303
-1674
18217
-13959
-14328
-3292
-12136
10307
-575
-1624
-18904
18223
14362
4560
-6356
-19189
-10040
-6229
5760
-17035
10013
15153
16375
-2273
-16573
769
15102
301
6807
1562
-12316
416
-10996
10717
12423
5507
-10880
-9744
15969
6794
-18755
1649
6636
19959
-17381
4962
-14337
-19253
11891
-3277
4995
-3766
-5971
1468
-2511
12026
14849
-1779
-10511
-13636
-8122
140
-1433
-14327
15807
-226
19189
3385
-4670
-3913
704
-13007
11692
-11532
-18418
-12296
-12855
-16601
-2002
18898
1466
-18625
10175
1418
15902
1520
10235
-5789
19556
89
-14249
-14129
-17603
-12776
12840
-11369
-2562
2289
-15697
-942
-19559
9474
15076
14901
9580
16906
-2678
-3514
1875
11220
5436
-4753
2749
4267
-14921
-2014
-1485
13740
-5922
4717
11031
-17577
1669
17288
-9478
15265
-11082
7212
-12379
8555
16568
-13496
-19700
-13427
-13822
15894
17667
11062
8249
4488
-4504
19258
-17274
5888
3148
14676
16045
18131
9067
-16488
10598
4081
15102
19787
15212
-10958
19192
5325
-1519
5314
15400
-12331
17974
11101
10886
10943
3235
-15624
-12895
-9949
-15164
19839
-3701
14536
17766
15877
10908
8498
16456
-12442
25
-3292
14341
9120
-8213
-11838
5624
-15837
1189
1940
5501
-6998
-4793
6898
-3549
-4101
2733
2212
6987
-17544
13263
-4181
-12099
-5536
1837
19582
-19957
-11158
7468
-1508
-9532
-3955
3427
-4266
-7152
4738
-19525
-9268
-15479
-17696
11562
-8456
-9581
9944
-10319
-10020
-13492
16545
822
-12970
13607
-467
-6084
12614
-17084
-3992
17571
12038
11192
-1128
7165
11355
13966
2421
-5920
-18522
13753
-19506
-18009
19316
8588
-8174
6203
-19613
3649
-11581
16026
-992
8198
-9366
-17877
6693
6699
-7046
246
12634
-16123
-18308
4150
1578
11725
-6539
-4283
12401
-2819
-9071
5200
-8656
-8838
-13685
-2365
-11902
-255
13149
14193
-16662
9635
-999
8673
-15077
11056
4406
-5553
1675
4236
1834
15185
13836
11179
-7927
-17604
1087
41
15840
8944
-12518
500
-13236
-13725
16868
18973
16268
3637
9612
16653
3605
19125
-10064
2049
356
7246
4
-18447
-1709
2051
12728
-17318
-639
-18380
6006
-11099
-8529
-13756
-8593
-1030
-13164
-3111
-5810
-15482
-7023
-18734
-202
-5898
-12253
-16759
-2780
-1767
-10365
-12129
-18203
-13567
-1435
-13600
-3805
-660
-15461
-4745
-7546
-19810
-16394
-5311
-3407
-19984
-6642
-18536
-18318
-7415
-7733
-11257
-9685
-3270
-18849
-10140
-5852
-10000
-5779
-19947
-2904
-6974
-12569
-16960
-18227
-7694
-15808
-15121
-11036
-3558
-16821
-7146
-1683
-3793
-15986
-9210
-9169
-17647
-16060
-7899
-12094
-7839
-6479
-11935
-6348
-9290
-12016
-17245
-13556
-2094
-12682
-16964
-803
-19584
-12560
-5943
-12193
-4589
-8262
-6703
-5688
-14624
-16043
-9196
-1576
-8982
-2094
-17417
-1702
-12955
-9990
-14851
-2178
-2897
-6382
-9899
-10493
-3502
-2563
-12672
-13957
-4732
-10692
-15625
-6390
-17742
-4369
-5472
-9949
-19221
-15887
-10618
-12851
-1997
-12204
-16407
-14968
-982
-12293
-2591
-3896
-8066
-15532
-19522
-5468
-1236
-4636
-5107
-11632
-18370
-830
-8561
-7505
-19010
-9814
-16028
-10489
-19947
-11985
-15168
-7216
-945
-2624
-10596
-14714
-18314
-14217
-13680
-12597
-277
-9714
-3379
-11441
-4307
-6298
-5536
-5730
-7362
-1254
-1535
-16784
-3726
-6719
-2832
-431
-18502
-5610
-16358
-7011
-15638
-17315
-5913
-9049
-11715
-13646
-6520
-5715
-3019
-18894
-13501
-1161
-8116
-16089
-15524
-16306
-19303
-4803
-1478
-15602
-13800
-4037
-9729
-3953
-19610
-927
-18254
-3885
-8907
-1740
-7912
-9769
-14009
-18662
-17020
-7722
-14035
-7030
-17899
-4662
-4413
-18906
-11456
-18308
-10536
-17282
-3337
-10699
-18190
-11688
-18164
-3886
-3025
-2472
-9679
-5512
-13490
-11171
-16207
-13269
-519
-13189
-19225
-8089
-12409
-13255
-16567
-10280
-7890
-3657
-3707
-7952
-3662
-13287
-12554
-11179
-14978
-786
-1274
-18521
-12240
-4327
-15108
-16979
-14785
-13096
-17669
-15234
-17975
-18910
-766
-17534
-1053
-15427
-13771
-4403
-800
-10075
-19736
-16104
-6130
-7562
-17114
-253
-12942
-11022
-9449
-4791
-3439
-17348
-16479
-1917
-15246
-7958
-5235
-8358
-14047
-3428
-18130
-5147
-15810
-2741
-12682
-19277
-11797
-9404
-12620
-12738
-15377
-11168
-2595
-15008
-1471
-8818
-14412
-747
-10021
-2332
-14478
-15952
-15415
-7994
-608
-10152
-3703
-8882
-39
-521
-8359
-4276
-19870
-15695
-1933
-9066
-19546
-1701
-15095
-14479
-10485
-8507
-13294
-13498
-10322
-97
-10479
-18187
-8579
-4139
-6769
-4378
-19929
-12204
-10257
-10721
-13314
-5602
-6724
-8621
-11829
-64
-1550
-13387
-2103
-9831
-2423
-17163
-11406
-14691
-15201
-19063
-3457
-6883
-2219
-9583
-7154
-7560
-6337
-53
-18896
-5698
-12722
-13824
-1694
-7553
-4096
-9838
-5567
-4124
-17961
-4213
-2920
-16890
-1620
-16372
-13391
-11984
-4887
-5660
-14140
-16098
-14980
-3895
-11458
-521
-429
-15107
-12926
-6719
-17707
-3733
-6959
-18909
-5634
-11249
-1229
-16043
-9159
-6241
-7644
-17748
-17606
-13305
-3900
-1769
-6103
-13725
-11480
-18496
-1629
-19143
-15497
-11218
-7260
-10060
-12025
-6936
-16699
-2295
-13993
-14276
-9205
-1296
-6885
-9043
-3157
-4501
-7565
-5291
-17528
-9329
-7246
-7846
-2500
-11928
-8140
-5656
-7190
-13292
-7129
-19543
-711
-12987
-6840
-8080
-2105
-13518
-6631
-17478
-17368
-1330
-14407
-4756
-15410
-11686
-7011
-703
-7726
-5850
-11565
-8556
-1930
-7281
-19034
-3578
-10454
-5707
-16098
-8655
-13572
-16829
-9447
-7866
-13678
-18060
-461
-15432
-2873
-16937
-9967
-10591
-1479
-16986
-7981
-14655
-2229
-6017
-837
-6671
-17704
-9861
-283
-15051
-4675
-5719
-9913
-18324
-2832
-17435
-14520
-13970
-14822
-12812
-2434
-668
-9008
-12824
-6025
-18086
-19281
-13159
-8463
-6230
-930
-6902
-2204
-12418
-16191
-1158
-6215
-9099
-5215
-1483
-6343
-18069
-2140
-15678
-8914
-19147
-14334
-11541
-17964
-17291
-10938
-5653
-1125
-848
-15129
-19429
-2746
-6809
-19544
-19280
-6421
-12364
-15166
-4533
-3768
-3718
-5824
-11512
-7421
-1416
-5301
-4115
-11280
-4395
-10231
-16125
-16735
-2301
-12892
-5164
-4638
-9341
-19533
-15602
-6566
-11557
-4697
-9611
-12125
-11916
-16812
-12055
-18346
-6626
-7005
-9795
-16045
-7612
-286
-13045
-3969
-14243
-16680
-18613
-6157
-7546
-16558
-17844
-18193
-10709
-2020
-19432
-19442
-10958
-3950
-10639
-1377
-4925
-11736
-10630
-8117
-1104
-12939
-1138
-16470
-5879
-1004
-17634
-2656
-8085
-4305
-17752
-16627
-8262
-15645
-7996
-14799
-16397
-15255
-4494
-10933
-18321
-3424
-16228
-6695
-10680
-4846
-13135
-5802
-9755
-12887
-17650
-4039
-8907
-9330
-16030
-1216
-18423
-4586
-5247
-16244
-7922
-16263
-7968
-14014
-12717
-11773
-3183
-3993
-16137
-17748
-1117
-10298
-19555
-12545
-9699
-2566
-12970
-14366
-10439
-5420
-1262
-8773
-8388
-17332
-15444
-13571
-8008
-17680
-3817
-11707
-8215
-3323
-8342
-2494
-815
-18770
-3594
-17599
-14672
-2131
-16461
-719
-14105
-3094
-19139
-2274
-8301
-16188
-5736
-17126
-19223
-15325
-2424
-15982
-1051
-6659
-16673
-9259
-11266
-4194
-219
-19408
-12477
-17344
-679
-10410
-9991
-11699
-7375
-2264
-13810
-17698
-5490
-8767
-19122
-19254
-11162
-9059
-14526
-6951
-3021
-2648
-5710
-14362
-18751
-5829
-12379
-11289
-12051
-338
-46
-15433
-6907
-9365
-1789
-17490
-1517
-14160
-19093
-1125
-10309
-1140
-5662
-12684
-15876
-11553
-16416
-10231
-15421
-5424
-8430
-4915
-17993
-14440
-12913
-18809
-3231
-9134
-10036
-130
-5433
-6215
-12016
-7810
-2757
-68
-16975
-831
-919
-4105
-18310
-1937
-7030
-3054
-12953
-14154
-7871
-4362
-13555
-18624
-5296
-18726
-18347
-4608
-18827
-12592
-14977
-13718
-2856
-16929
-6012
-3844
-18570
-8568
-3043
-11987
-2733
-6724
-1938
-15892
-14397
-1350
-611
-4544
-19972
-6149
-3844
-15538
-16230
-16174
-1773
-13901
-7734
-4473
-1291
-7971
-14711
-8104
-10735
-14191
-4680
-9865
-17513
-9029
-18560
-11796
-9716
-10771
-15027
-17636
-5568
-6849
-9228
-9204
-9605
-17731
-19382
-2723
-6978
-13823
-17879
-3856
-18182
-19588
-2971
-15259
-16720
-18739
-9284
-12446
-6616
-13425
-7812
-16765
-8718
-7189
-7563
-14205
-13396
-6834
-15041
-16014
-18829
-17949
-6419
-13296
-8172
-6339
-15180
-10136
-24
-4178
-3482
-17504
-7656
-11281
-3164
-15335
-16543
-17560
-15642
-18866
-10663
-19978
-4396
-15009
-16313
-6475
-4057
-19552
-12292
-3819
-4092
-4715
-15047
-19698
-15417
-8406
-12256
-5090
-18359
-16164
-12174
-19221
-11451
-18030
-2659
-18322
-17191
-15108
-1328
-1721
-2589
-8707
-657
-17115
-13740
-18082
-8016
-12680
-48
-4620
-8155
-8102
-9510
-14019
-5216
-15122
-19020
-6207
-15992
-1718
-13428
-18444
-4874
-17144
-13998
-17473
-6684
-9697
-19114
-6937
-11865
-10941
-5253
-11447
-8653
-14374
-6461
-1062
-11322
-13355
-8031
-11892
-702
-1378
-12574
-9858
-2093
-12697
-3945
-941
-9247
-4870
-9064
-2606
-17460
-2233
-8877
-15868
-4668
-19078
-6560
-16381
-16542
-4747
-12976
-2647
-105
-1666
-6562
-3675
-19392
-11664
-16934
-8156
-14202
-7343
-19550
-17507
-6027
-10163
-9482
-9101
-13856
-6778
-9481
-6232
-17116
-275
-1956
-15713
-3656
-17964
-5881
-18617
-18799
-4211
-5639
-8553
-10443
-13928
-4942
-8718
-12684
-16397
-18484
-11103
-4545
-17083
-12444
-7107
-17007
-6195
-147
-13661
-13949
-1069
-1061
-12234
-19226
-18475
-3882
-9630
-10017
-6940
-10030
-19504
-12083
-15611
-18354
-7642
-9441
-2972
-180
-16156
-18423
-6059
-3602
-573
-4614
-1678
-10683
-1467
-9086
-8214
-15822
-12641
-11878
-8357
-13669
-18527
-7808
-19833
-12324
-7441
-4044
-3704
-5700
-3226
-7318
-8666
-10343
-6217
-10380
-13436
-10737
-11099
-4514
-12682
-19261
-4657
-4094
-2706
-15418
-15585
-5622
-10906
-2015
-15398
-19638
-17393
-18983
-2458
-13974
-19196
-2760
-4052
-12477
-11763
-5672
-19843
-3559
-14714
-13428
-16527
-1849
-17817
-10671
-18237
-15956
-8387
-8162
-16380
-12418
-1817
-16399
-19451
-14195
-3305
-5194
-10560
-8543
-18616
-10987
-5817
-8645
-12632
-10266
-2140
-7510
-1129
-7958
-6252
-19349
-997
-17277
-7027
-3285
-13512
-8732
-9475
-11734
-5615
-11185
-4800
-13820
-13100
-15706
-15023
-16797
-12892
-3855
-1852
-4498
-7943
-13692
-19444
-15214
-2895
-6463
-1517
-10046
-17767
-18722
-13433
-4718
-16692
-2826
-14477
-5026
-10346
-6627
-19344
-7967
-13198
-252
-2962
-7181
-5042
-950
-4499
-14797
-9911
-12317
-2613
-11027
-5890
-2091
-11522
-17743
-10757
-16712
-16229
-19187
-465
-13558
-14423
-14052
-7142
-7271
-4885
-11526
-10293
-9687
-743
-1524
-13419
-19494
-18947
-13904
-3108
-6957
-17442
-7467
-15742
-7942
-18644
-7406
-8765
-8566
-10674
-13798
-15362
-18532
-9016
-14450
-13934
-15150
-13957
-9003
-14830
-11056
-17779
-14095
-9365
-8569
-12378
-12106
-4173
-19859
-17455
-7273
-5345
-264
-7190
-12689
-18774
-19685
-11677
-4316
-425
-14035
-19069
-14815
-11777
-1579
-2405
-3053
-13920
-14001
-3000
-7143
-9747
-4703
-18855
-11288
-17944
-3510
-15046
-3116
-18488
-3334
-7828
-33
-2428
-17412
-9725
-3126
-1452
-17969
-12903
-13534
-8820
-16906
-13052
-4621
-5115
-6252
-10537
-3928
-11312
-14468
-18524
-17518
-7774
-10959
-5913
-14115
-10621
-10777
-4606
-11159
-329
-17745
-9085
-6920
-11629
-7809
-14764
-15655
-2043
-16172
-16211
-4941
-19487
-2767
-15707
-13646
-12715
-2080
-15947
-1890
-33
-7075
-19831
-2908
-966
-2225
-6785
-4440
-5803
-2747
-412
-13246
-100
-14229
-10823
-13335
-19269
-4097
-89
-2459
-17500
-7266
-1448
-11112
-6936
-11101
-7097
-2632
-1405
-6024
-16313
-14905
-3728
-11632
-2
-4501
-8472
-3192
-14207
-18542
-14648
-15701
-2694
-6282
-6669
-4649
-6642
-7645
-19758
-2257
-13807
-11469
-10953
-18012
-14663
-540
-14687
-6175
-17559
-9098
-16633
-16889
-536
-16353
-8319
-19675
-15735
-18292
-2645
-14572
-13361
-2606
-18515
-8636
-13357
-13471
-5614
-9085
-19365
-7377
-6830
-3083
-5792
-19564
-15994
-9655
-17003
-2679
-9327
-13777
-12934
-17028
-8701
-1020
-18536
-18642
-3246
-13407
-811
-4014
-18619
-3689
-1167
-3309
-138
-749
-19705
-16308
-19652
-16193
-15903
-7891
-1088
-439
-8998
-5343
-11369
-14017
-12236
-12460
-19220
-14384
-18474
-7387
-13548
-3308
-7451
-19958
-9495
-17226
-909
-3813
-13313
-43
-4494
-12525
-15297
-3800
-4009
-9871
-1963
-3790
-7664
-15984
-9471
-7340
-4712
-13751
-11348
-1192
-6324
-5821
-17436
-19260
-5410
-12433
-3916
-1156
-16744
-11673
-13044
-2523
-13401
-19849
-12211
-16870
-14519
-6796
-6573
-2957
-4581
-6215
-11091
-2632
-7616
-3605
-9216
-1238
-11995
-19892
-11287
-17436
-8471
-1340
-11452
-8566
-11911
-6076
-1719
-8247
-12444
-7818
-2153
-2121
-10724
-12335
-14533
-17061
-11939
-12593
-12492
-8872
-8046
-11828
-10661
-14475
-16615
-15684
-3867
-17868
-7088
-6566
-3069
-18881
-9804
-16711
-2505
-2017
-612
-5643
-10756
-19537
-52
-13284
-4877
-11953
-9932
-9941
-2306
-2913
-15944
-15323
-463
-7392
-7125
-19040
-13891
-2360
-9583
-15891
-418
-327
-11021
-3429
-13319
-1796
-17153
-1928
-9663
-19645
-8953
-13281
-2776
-12444
-10483
-235
-17323
-7026
-259
-12231
-10587
-13467
-8195
-588
-14062
-10564
-15260
-13270
-10123
-19828
-5197
-5042
-13882
-5167
-3155
-9873
-2318
-12819
-11705
-11527
-10777
-3954
-7123
-18805
-7371
-7624
-9683
-4820
-7426
-7166
-10981
-12356
-6117
-14740
-7926
-13236
-17529
-8152
-1139
-19212
-11786
-12372
-6207
-19243
-8117
-6934
-7768
-4310
-238
-6702
-10282
-16485
-10553
-8020
-98
-6644
-9291
-11563
-8579
-11446
-13056
-17781
-3216
-14747
-7030
-11168
-4807
-1327
-3205
-7438
-10845
-5743
-16365
-2223
-4028
-10434
-16680
-19361
-12033
-17028
-6865
-1558
-10652
-3372
-19484
-1091
-5436
-3906
-11023
-10876
-14475
-2241
-8864
-2911
-16431
-3619
-3366
-18500
-14159
-13140
-10506
-13818
-7525
-18465
-518
-4379
-1055
-5937
-534
-11066
-1642
-13033
-15332
-16470
-7569
-14403
-4263
-14534
-3935
-15875
-573
-12497
-10279
-7242
-9732
-9672
-13168
-6530
-14638
-10671
-6170
-5729
-12199
-5483
-6101
-12576
-18037
-6105
-7447
-12619
-18856
-127
-11284
-8330
-1195
-9033
-1527
-11343
-19246
-18055
-4671
-1408
-10364
-9305
-17499
-672
-1393
-4465
-18115
-18879
-15606
-14591
-13819
-12791
-19612
-9406
-945
-1727
-4713
-1153
-8736
-3544
-17090
-16491
-12091
-3049
-7813
-17679
-19520
-18645
-3123
-18659
-8585
-14259
-14919
-18507
-9515
-8935
-13724
-9807
-1919
-10480
-4957
-2688
-7757
-8174
-6958
-10912
-10667
-5284
-9375
-6954
-10922
-8715
-2349
-10826
-3384
-1588
-3945
-15894
-19531
-12792
-14177
-12801
-17178
-14159
-18859
-16465
-4573
-4093
-12139
-7374
-4826
-1048
-12748
-11794
-12273
-1089
-8904
-3027
-14382
-2026
-17887
-1032
-16062
-4081
-510
-12876
-7737
-8611
-6651
-14994
-13708
-6620
-7814
-8680
-11650
-19906
-3929
-12539
-17895
-18326
-10924
-2752
-19884
-543
-15879
-15193
-17038
-9487
-18978
-14963
-12796
-11852
-274
-19280
-1179
-4337
-18419
-11441
-3941
-5745
-9542
-19716
-10593
-17160
-18748
-6626
-7953
-12220
-15058
-1002
-7192
-13777
-12642
-7502
-7049
-19308
-18901
-18971
-8279
-16348
-14208
-6391
-16793
-14644
-10
-14486
-3507
-7149
-12390
-12031
-15851
-11058
-10492
-10153
-2004
-16652
-9602
-4081
-9098
-14309
-19613
-17504
-16608
-9818
-13771
-13312
-15235
-19634
-2721
-6838
-4906
-19280
-7665
-10392
-16564
-3485
-11679
-15802
-17557
-8482
-17536
-15061
-7563
-8706
-9100
-14740
-16200
-7888
-19150
-13848
-12284
-13175
-18538
-16339
-13114
-4081
-4248
-13147
-18597
-1612
-14450
-9722
-429
-14829
-4017
-14363
-1063
-15971
-19130
-2443
-6965
-16787
-1590
-4233
-7219
-19744
-10465
-8633
-4346
-16980
-5670
-8196
-8448
-18580
-14994
-395
-15805
-14145
-1903
-6416
-13117
-14286
-7639
-18281
-8876
-11277
-8530
-10231
-12012
-15160
-8754
-14880
-9163
-12504
-4465
-7462
-15176
-16879
-9661
-13649
-7235
-11996
-10401
-3295
-13179
-4570
-14378
-1236
-7073
-12779
-8827
-9874
-17716
-15874
-2022
-12135
-633
-19744
-16438
-17306
-1394
-5744
15644
-7837
-18484
17556
16913
-18061
6125
3186
-19197
2469
-16341
18270
15617
10315
-8978
-6913
2635
-2034
14728
-3548
-6346
14520
-9848
8529
-7916
-13411
-17597
-4947
3707
-1516
-19560
-6981
-9639
6537
19930
16743
16282
12534
-12332
4022
-18170
-5487
337
-10922
-10591
13444
1953
-15504
-5436
18597
-3657
13192
4493
17619
9435
6037
-15065
3683
-5919
302
2415
-9223
-18436
-13098
18632
16075
11386
8421
-15048
6375
-7940
-6751
-15357
9312
-15218
8614
-18563
10053
-12849
-10813
8578
7368
-5206
-8540
19713
5623
6604
511
17066
-18486
-17656
18835
-2001
8558
5239
18611
-11601
15110
-204
16098
15642
10729
17846
-16828
-876
-9080
7233
-3334
3286
-19517
-10688
-9538
837
12909
19687
3603
-9247
-15582
-18352
2116
-2123
11919
15324
-17023
-7341
-6140
4175
-7239
12769
-10668
8353
-14147
4264
-14243
-10257
-16975
-18919
-2858
-4533
4678
17633
-995
8089
-11910
-7304
13817
11096
2432
19531
-15186
3020
57
1642
-10411
-1803
-4052
-3933
-2744
-16960
-4965
-8476
8220
4117
-16032
17560
-12838
3986
4922
-6306
5286
2086
-15247
-13424
-77
-10
-8391
7186
239
-19159
5322
-15163
12900
-19978
17449
2348
-5820
-2078
773
-2429
-7887
9785
19101
3225
-15603
-9845
-8528
-19409
-4617
6875
-19437
-8995
-7387
7351
6380
18364
3790
-19510
3304
12459
14377
2133
-15592
5726
723
-9155
2547
3232
-3422
1411
-15961
3399
8106
-643
-7339
-14141
8793
15558
15183
7627
7835
8576
9922
-17896
-13173
-19266
-12675
-1820
-3027
-14834
110
-5419
14900
14934
-927
-16655
3287
-19254
-6361
-5885
3449
-14733
-11606
6071
3076
-12677
-19611
10094
-17673
15788
-15437
-15847
8242
-7357
4341
-8861
-8514
10923
14288
19349
17896
-3795
18660
-9801
15874
14861
-14047
-9336
-17526
-1666
-15843
16690
-13172
16872
-9221
-4869
15902
10808
-11483
-11348
-9795
-3391
-8978
1476
17287
15475
7379
3495
12971
-3876
827
-13397
13567
-8601
10592
-14315
8123
-15399
17641
842
16187
16054
-5748
5948
9895
-412
18221
-11070
-5352
-3555
12957
-11160
-1944
-8826
-19216
5345
-16739
-4482
4035
-6532
184
-3955
1969
-19201
9839
-18755
4580
-3253
-18194
-6770
3744
11389
13653
13273
15732
-7103
-19629
1687
-1158
-7123
-12744
14141
16895
-10264
18041
10059
1000
-7209
3215
-10664
-950
-17488
5239
10901
-13438
-14751
223
2260
-18969
-4298
-17413
11163
-14913
9721
18544
7713
17178
6277
-14186
19495
-479
-427
11683
2147
-16920
3088
10891
14491
19856
-16129
-6212
-8695
-15192
-16842
12298
-7860
-17708
5252
14151
3007
-9643
1137
-2909
-1558
-2220
12552
5938
11334
-12670
-14470
3746
10056
17563
8963
1190
16288
16297
15480
11761
-11155
1410
-12002
11785
14757
6665
18247
7020
4685
5760
-8379
-10023
10187
10172
12379
15420
7742
11888
-18994
12274
12885
6807
17055
8651
-6292
15587
11453
17175
-2599
-15126
-19413
-11487
4736
11459
7197
-12413
4120
18061
19662
13731
19496
-9785
-9381
13081
18221
16416
19252
-9985
13618
-9440
-5753
-3310
-1237
867
7843
-6003
-18838
4506
4741
-1576
9226
-8858
12136
-17401
17518
-883
17169
-17878
16042
-70
-18274
16805
19042
-2632
-9258
4724
19398
-12132
-17821
19862
-3219
-16485
-17137
16599
14517
12400
-10831
-11876
-735
-9594
-8154
5964
-13773
-568
-8900
17345
11905
8649
-2221
-4486
-882
-6320
-8131
11284
-8179
12510
6070
1487
15286
16792
-2010
7923
-3365
-17235
13438
-15083
7621
16514
-18572
-18291
-5852
-4673
19859
-8349
-14120
4340
14708
9248
5627
-9326
-15534
15228
12469
-13485
4164
8374
-10756
5908
-19282
-4412
14046
12151
-18395
19757
4648
-5023
1874
-8924
15062
599
-16524
11955
2672
1910
1602
18257
-4033
-3068
12063
-6338
13923
2015
4378
-17577
-5677
5557
5142
-651
-19513
19743
389
12366
4826
4926
-2842
13665
-14446
9033
-279
-7678
-1572
11571
-15323
-11779
-10078
16346
-7107
5040
8906
-6737
13176
-14312
-18550
6569
-1061
18613
93
-13217
-744
-17059
19140
16776
-14807
-12306
946
-10410
-14860
-12396
14756
-19283
-15419
3563
-6710
-5031
-1883
19725
-11030
-5293
-1773
-3461
-18066
16301
10872
14429
-6580
-18533
-19231
17865
10810
-5671
-5498
-16507
-15330
-16262
-1782
6937
2004
-10826
-12010
3012
11445
16354
-9269
-6545
-11713
-4270
457
14552
-13147
2688
-3855
14996
-3578
-11074
11744
-4436
-10848
13942
-16601
-11011
-19497
11026
9901
-17236
-13977
7890
1500
-10495
3969
5879
12402
19519
7016
7129
1218
-8950
-1614
3559
12539
14342
18333
10150
-4731
-8589
-993
19296
13777
-11562
15766
6465
-12290
9058
3335
6942
9047
-13942
13683
5389
-19417
14040
-9163
8932
12393
-17137
-15683
1742
-14533
13545
10916
10647
-11757
8145
-17478
-10678
8610
-11958
-15317
-2980
-5716
11194
6172
-154
-16594
-3314
-6061
18040
-1605
-6495
-10276
12834
-6375
13467
-16765
1605
-2429
14301
-17894
-10467
-6967
-10813
18669
-10452
-6117
2846
-5579
-8654
7374
-995
18136
-5071
1965
11217
-3243
-5405
-4259
-17990
-15449
-783
8494
15462
-9875
697
19550
-13436
6512
-12538
13047
15462
-18727
18421
6433
4956
236
-18067
-6653
17918
-8112
2340
-11427
-16270
1793
-9174
-5875
4183
13468
-18318
-18250
-16299
2285
-957
19239
-12916
-2598
15171
-12575
-13520
9248
-14651
-11612
-17897
7576
-185
6109
-7652
6187
-8385
-5999
18546
-19303
11468
-6972
18851
-6827
16470
-15320
-1023
-10395
-8839
8299
13307
8074
-2159
3726
14128
13884
16418
-19713
13359
14329
-10335
-14012
10481
19352
13116
11130
-8048
-4161
11120
12166
-6074
-656
10780
-9621
-12408
15507
-15154
10175
11127
-13734
-2255
-4451
12605
-4373
19228
10316
-9433
14881
14606
11447
-12540
16814
12476
9331
9848
12688
-2881
-2322
-13592
-12841
-234
-5250
-14551
8290
-6256
-3112
-7662
4646
15190
-3242
-11211
2016
-8783
-18064
18048
5126
14290
-12135
19901
17844
679
-17945
-17412
7408
-11637
4099
-12290
-8415
18038
-12705
2093
10228
14534
13316
-3423
-11885
18032
12433
-11965
-12187
18652
2469
-13225
-7821
10747
-225
14007
-6390
11516
7153
1571
6499
-7823
15678
-3135
9802
18157
-5734
-15899
-13980
9919
-5142
2709
18812
-13500
10566
583
9416
14330
-19593
-17180
-2712
12628
-979
-719
-19216
19515
-10911
-7360
1265
-9809
8760
-6947
2843
-19757
13944
14238
10521
5750
2792
5359
-16912
-7045
3541
-19308
-12309
-6921
7446
-12377
-12998
-10324
-13434
-15224
9809
-7113
-7369
2354
11196
11689
-11769
-12693
8097
14808
17239
-9068
17957
-384
-4476
1016
12022
-4581
9428
3448
-464
9605
12055
-12951
-10073
10123
-3141
-19213
19291
7967
-14762
517
-9988
18011
-17699
5052
18973
-19294
12812
8571
8756
6684
15482
-10655
5408
12844
-9493
9358
7678
-9404
1851
-17167
-479
4285
3880
2355
5165
2477
-2378
10181
-721
6569
14976
-15934
-6806
389
-9615
-7451
-14326
-347
12899
16563
-2093
16927
12718
14504
-1594
6787
-13188
7999
-18894
16079
14622
-325
19195
11966
8653
-5236
-4346
-5246
19577
1065
-5141
9201
343
6944
-19711
7458
-10868
3649
19601
5486
-19866
6937
-5698
10807
9026
14506
-3393
-7169
-16450
-2560
-8343
9133
17435
-15593
-14718
12762
-7094
-14238
4101
8306
-7819
15134
12409
14392
-13797
7178
1142
14210
11789
5325
-2754
-2961
-6734
4438
-15370
13392
2144
14729
13136
-6181
-10939
-8600
-6546
-10730
6509
7171
-7152
-12939
-4674
-12845
-8610
-18667
-9532
-15707
-11109
-6676
197
6625
-16459
3132
18685
4645
881
16423
-5081
9176
-19018
-16605
4737
-10936
-12994
3816
2729
16263
4623
17127
1653
-14133
19591
3552
8937
14843
16232
-88
171
10738
-11974
9597
-11419
-7098
-6221
1461
12764
-16407
-7007
-11835
5204
-8655
5196
7014
-16500
12353
-3386
-18815
16469
11256
-4521
-2566
13286
-4735
17770
-9036
-10056
-6435
10744
-2946
17582
13639
12856
10574
-19730
-3475
-5881
-13566
17949
-18195
-2707
13810
-4405
10133
3551
-5881
13424
-19557
-3622
-5830
-15454
-10313
-11287
-4971
15120
-4109
15008
17253
-13570
1930
-6287
-10983
17784
12775
-16012
-102
11851
-149
3504
-18247
11908
-13642
1100
-8022
-1466
-19772
-12263
-3908
-11838
11196
-7305
-3752
-3281
-5371
5782
-8829
-4088
5336
8523
-14712
7069
-17352
-5595
-749
-6419
12016
3734
15278
-19424
10567
2047
18327
-1256
-6581
6639
-1325
16040
-7119
-2688
12318
-5448
8706
-14068
-17574
10473
17684
4094
-8615
8779
6310
-7224
-18550
15313
11371
-17635
19431
18441
15413
17768
1619
-12274
-13657
-15239
-2141
16318
-11970
15217
7806
7757
-6396
19323
11748
-5188
7806
-2289
-16057
-13546
-18453
5220
8287
-14020
-19122
-18631
-7746
-8726
3548
4113
-8228
-14258
-15795
-7103
-10926
13049
-5133
12158
12370
14555
877
-12319
-10289
-59
3323
-3872
4671
-19503
-14959
7603
-16082
-15526
-1770
10023
1613
3746
-6059
13408
9428
17332
-14286
-5796
17661
9873
6770
6369
14891
2793
-2145
-14651
5694
5919
161
19166
139
-13420
5520
-10379
16974
-10243
-17735
10054
-14483
12312
19995
13556
-9064
-5973
5254
3212
2646
-3873
9953
741
-14505
-1804
-3126
-11906
11937
-15652
5216
-2887
4365
-19841
3213
-5718
13504
1134
13455
9552
9394
17443
3610
7195
-13530
-12048
-5476
-15487
19730
-12734
2243
5993
-17419
-14856
-9310
-6854
-13164
284
-2874
-15638
2750
18408
-14403
-12453
7134
-8557
-15660
6523
-2329
9936
-7082
3663
6080
7648
-1345
18761
9816
-10806
3878
-17504
4923
-41
-18207
-5241
-7985
-17747
12708
9505
13445
19596
-17500
-1080
12666
15509
16011
12601
16944
-7565
-17037
17441
-16389
-17779
9349
-11184
-16487
-2240
-2421
17322
-10360
16859
-8855
-11812
5750
11410
6262
-13423
1081
3954
16163
-6188
-6418
-16389
-3025
10639
-19615
-3095
27
735
-11016
-11463
-6765
15434
8889
5560
14664
17931
-315
8405
-16755
1722
3413
-3692
-13768
12355
-17108
-521
12603
3959
-6552
8546
-2761
-1216
-12298
2115
16123
14144
-1860
-3312
2404
-9075
16430
6302
13963
19184
1007
14600
-15666
-8846
-3363
-18120
17598
17259
-9690
16060
-6359
-11615
-3475
-8804
-18754
-6980
-8396
-6801
-5626
-4136
13214
-114
13597
7105
6524
-5942
4226
12101
-5656
-14606
16919
10139
7627
-4976
1792
11824
-7553
17376
17120
12711
-139
16359
3591
363
18281
-16282
4641
9198
19944
7873
-14151
1625
13795
15764
-6388
5799
12365
16046
-5050
16410
-9472
15773
-541
18135
11483
-17521
-1304
3923
490
-13095
-3280
18479
-19734
-12889
15453
17938
-2053
-4279
2155
-7826
-13007
4453
6665
18707
14403
-12672
16591
3676
-12865
-15694
3624
5619
-12441
53
17835
7704
-3971
-12103
12145
-11222
-15864
14219
15077
-6700
-7083
-18981
16753
-19566
-8244
7898
10953
18842
-11155
17622
-5577
3571
-8871
18385
-1261
-3077
-2467
19702
-14214
8459
-19539
13733
819
15099
19892
-18755
5265
13558
-19339
-4039
-10497
-2059
-14332
10685
-4257
-13757
17478
-2802
17956
18182
11311
14242
14687
19205
-14015
2906
8736
3660
-2578
17551
-1211
-5964
-15040
19341
18724
11280
10863
-289
-11060
-17765
-9798
18572
-8000
5212
5651
8828
4330
-19912
11861
-15398
-6516
16207
-19991
-7372
17336
-18986
-5599
18135
7154
-14206
12046
11342
16717
-965
-19025
3817
15298
-3678
-2566
1956
19932
19998
14562
-5196
-17946
-17683
11322
1320
15394
-5147
-10484
19307
-15259
12009
-5385
12131
8688
3226
-13128
8183
-15561
-11532
10857
12324
8973
-13003
1659
13409
3799
1454
8873
-4196
-8779
19465
-1533
18829
3030
11675
-19174
9053
-12755
14069
4340
-18265
-19139
7402
-1568
12110
-13407
19813
16843
11865
-1971
-9684
-18096
15293
12993
19785
17468
17114
-16878
-13747
3753
14298
8161
-18590
4219
6530
1873
-13713
6100
15252
463
19807
-96
7906
7419
5072
956
1662
13793
-17717
16992
13468
-19900
10032
8691
657
-1063
-8875
-12850
-3780
-657
4546
2034
-8018
8187
-13200
-13861
-543
-13172
5034
13797
-12051
-4109
-3290
4602
2440
17433
-18420
-9124
2436
-15297
-13609
-5112
-19422
6724
-14343
-14023
-1580
-14348
2768
864
7474
-13484
-6857
-3514
-4281
-15489
3874
2762
-1005
-11405
8172
-7520
18544
-7979
-13309
13264
-18409
18426
14018
15485
5663
-4754
-11832
-11899
-534
-13301
-9165
-18851
19350
8416
6149
-18042
-5584
-12619
-15062
-1716
-19059
-6198
-10268
-11226
-11127
-15297
18229
13726
16602
-3987
-16809
-7234
15745
14658
-9092
4273
1949
-10981
-11337
453
14960
17980
8556
4766
14897
11199
18209
-2815
-808
-12309
-18046
1087
18427
8200
18437
-7182
-8874
16401
17614
-8797
15434
-1546
-19971
18083
-1105
-19230
10825
16536
-2816
-7256
3074
4361
546
7791
-18130
16525
-1836
-8572
-928
-8678
5347
-2173
2943
9198
15927
15688
-9920
-13377
-16334
4000
-628
5233
4258
19985
13863
11806
-549
16947
-8240
18754
5795
10581
16725
-3883
12825
-128
-2415
-10998
-3850
-1960
-1770
-17104
17557
12213
-4326
2981
-5066
-13321
-7243
-12577
16521
4111
6997
-14669
-2190
-19976
10091
6464
19469
-8517
-6185
-3668
-8915
10360
-7089
10122
782
18132
12766
17794
-3129
-19791
15728
2523
14915
710
10640
12645
12899
-5153
998
8076
-2697
17686
-496
19402
-11015
1767
-9934
-1438
4730
-17971
-4893
17121
-17163
-14304
-11526
-2482
11643
12549
-8179
-8605
-10177
3309
-3117
-13823
14658
-2702
16731
-13358
10227
-9217
8238
1744
-10685
16109
18055
1231
-7088
-444
-13414
-9889
-16831
4861
-5381
9350
11728
-13023
18710
11729
7215
18363
12285
-2556
-8409
-19224
-8163
-1802
-15060
-17652
-5784
13277
12682
13300
12925
-17551
18751
10535
1243
-3659
-6126
-14505
3388
-3640
3074
9638
-6251
12330
-9848
-2136
11340
-6784
17641
18843
13027
4693
13085
17463
9632
5575
-15448
-4830
-1943
-13976
-3133
9934
-2080
-18251
-2293
5492
3031
8375
11798
-8257
-18861
-17100
-10587
16135
-14108
17021
-16765
1010
998
3097
-15311
-9302
15190
-15596
-6968
15919
1510
-7459
7208
-8576
-8130
-2286
14427
16108
19709
-18952
11067
15067
5699
-14593
-2023
19534
12502
-1883
-2234
-2702
8167
-12459
-635
-5237
-13803
18276
-10852
-8843
14250
16620
873
13204
-9245
-17431
418
3237
2149
15098
-19802
-11043
-13547
-19281
-18287
-5484
8971
-802
8838
-16178
2918
-12573
-18849
3936
-10582
5042
160
-18224
-3282
13678
-2662
-10931
-4927
7890
-7299
-9424
324
12762
-18861
-13436
-7459
-4811
12173
14453
8287
15397
15551
19529
-19816
10657
7221
4475
-12651
-2956
13568
18754
-8290
23
-10841
912
9898
7139
-14336
15367
512
-11509
-5264
8304
-224
19182
-15363
-3776
-11072
3246
-6155
17781
-4099
-18674
8395
15116
14634
-1798
-18204
11423
1418
12265
-16766
-15369
6239
-451
12878
17134
1148
-8387
8228
7429
16406
-2054
-4481
-14961
1057
4969
-549
7647
-18054
-1279
-4889
6593
-19815
16790
-19635
2192
-4628
12131
6378
7464
11189
-16913
18415
9595
-19685
8694
-6018
-9762
-9145
-13573
4175
-9054
19134
17154
-19941
-12073
-18502
-10105
-11677
-18089
-10638
16983
10667
-6322
10956
-742
-11044
-11103
-8381
13934
15937
15290
12300
14795
19397
15784
-2215
-10863
-4768
-6532
18310
-17537
-14467
-9058
4631
301
15931
-5664
-17527
8345
-19802
-17350
7083
6979
-2906
11787
-3152
6264
-16320
-17864
-6388
11879
-7883
-11057
-5152
977
-4215
505
-18529
8951
11441
-7960
1632
-17702
-14168
7713
-8317
7705
-19245
-18887
-10966
17003
6083
-10528
3795
-6629
-14811
3492
16418
2004
12674
-16725
-12450
-4429
-826
19031
-11267
-17915
-10727
15142
10015
13668
-664
-3425
-1701
7904
-5631
318
2722
12238
-15113
-4049
17990
19273
-223
-7578
10463
-8767
-7349
-5027
11667
10699
-19758
-14589
-9649
-9035
15796
-11232
14877
2461
-509
18873
8647
434
-4043
3304
-128
-8971
9241
-14042
-15216
-15611
-8331
11672
-3074
-2027
16029
14439
16359
-12962
848
2448
-19192
-5642
10608
5467
-2508
-13624
-2231
-7000
5764
-16342
3752
-8551
-13646
14875
15313
-12259
-100
-17883
-10412
16595
-9255
7448
16988
17856
-1874
7448
-638
-14100
-2054
-1326
17385
-14327
12246
-7629
5752
17682
-16346
-12797
14583
-17233
-16771
-11644
5498
12202
2434
-2807
-7688
-12696
-18826
-19945
1096
-8490
6431
2690
-16010
-878
-8286
13663
-3178
620
-12129
17626
17869
14692
-13956
-10916
1315
7829
7137
9492
-1095
-3292
10495
-15213
11337
6183
19154
-6530
-3477
-5889
-19056
2327
-15280
-11578
11790
-13830
10442
-939
11711
12345
-19494
-18569
-1089
17292
-6884
-1571
-9600
14886
18120
9371
12131
1648
16361
12146
-12781
10608
12576
-5781
7549
9095
-18137
11862
-4391
-10930
-6216
-5817
8097
7264
1827
638
-16720
15428
-5362
-7765
16707
-3025
3973
-8073
2564
-13628
6465
1021
-17970
15146
19566
-18355
19946
7821
10719
2815
1312
-8283
18755
10790
8757
-10118
9981
19297
13186
322
-15119
796
330
-16803
-13355
14802
13704
4088
-14573
-6238
9984
-10094
278
-887
-13508
4276
11222
-12488
10734
1978
13748
12804
18643
-6833
14647
-2822
-2706
-18828
-15791
-19976
-9909
-9433
-7841
-3105
1268
-1670
4084
-5864
-19129
574
4764
-12769
15613
-11228
-15182
15333
-3895
18736
16783
13200
-7167
15546
-19282
10874
7379
2781
7000
17276
-10253
-14654
-10261
8712
4734
-4831
16438
2787
10344
610
19963
-17177
13686
6940
-345
-3605
-4326
3893
9011
-5443
-12122
6685
-1148
9729
19843
-15293
18809
7558
-15242
10990
-7675
-13962
-4156
-4628
-18187
6403
4460
4125
-18944
-19754
-19083
11551
-13587
-14424
19805
-1212
-15720
17334
-3577
897
18862
13971
16432
-5707
16683
-7119
-6162
-12723
8806
-4927
1252
-12797
5092
10786
-7407
-11052
-13571
12108
2679
-18248
-17804
4633
-17222
14853
-13207
10608
-6336
1267
-14631
3674
-10846
8094
11063
17122
-13401
-7035
-19608
-3093
-13041
6999
-12512
13438
17977
11592
-6031
-6801
1031
-1727
15242
10381
10674
19594
-10852
-16491
-10427
-18154
-839
7896
-9081
-5472
6030
-10596
-9291
10340
9774
-18757
-6339
15570
-18853
-19765
-14253
635
-406
-15930
-1121
1738
-8333
5213
-15269
-14268
1574
-1972
13180
9303
-12559
-18200
8734
18925
2039
-14335
-5195
16591
-11310
8465
1403
-4193
-12021
-1504
-4240
-2328
15740
16708
13211
-14852
-8531
-3643
5158
-5815
-5440
-13650
-7251
19406
14140
50
-4459
3850
-5236
17269
19409
-11006
-17408
3551
-15280
9080
19814
-10617
19886
15723
8445
-18071
-10867
-3905
19195
-15049
-9286
2691
11904
-14647
11264
-12277
14386
-14161
6457
-16303
14879
-14796
8874
10921
-2467
10104
-5475
-11834
-11650
-10555
18554
3423
1145
6053
17755
-6923
773
-7003
-16855
-15226
-4810
-10242
-6857
7879
18852
-16723
-19630
677
-16014
-9024
-5980
-4826
10724
578
7711
12711
18139
7180
-19149
5093
-310
12198
-16061
-8957
-3785
6032
13721
3245
17686
-2862
16819
18168
16617
-13699
9200
17096
2614
2178
18910
9925
5594
-12922
2627
9145
-10031
-12624
-2144
573
-4309
17626
17869
14692
-13956
-10916
-12129