-9886
-7197
-3917
-2097
-7852
-18456
-9027
15868
15081
4310
14625
556
-11204
6112
-1708
-11862
13474
6546
-13140
8980
18488
-14709
8412
-3699
-16863
-19058
14993
249
-16169
16039
-19013
6454
4655
11558
8065
-19239
-5076
-15160
-7717
18705
-3295
14227
9963
3007
8880
-6464
13302
8794
-18846
17805
-15871
18180
3300
-675
-2164
626
19317
7588
-15217
10970
-11651
-12756
-2538
-12688
8358
-8703
-17953
10086
10711
-13444
15419
17722
8178
10134
-4903
19907
18726
8623
-12275
18050
16481
-1835
6905
11426
1588
-14742
-13395
1460
-19971
-19202
4413
13953
2849
2554
10889
2492
-9944
9696
10485
-17318
298
1824
19917
-4411
-1878
-16314
2901
-843
-3440
16596
6438
8584
-11464
2237
-13715
4540
11290
287
7544
-857
-16994
5418
7251
-9812
18649
5950
-16403
-12883
11198
-800
-6474
-719
700
15343
-1538
-5471
-2859
9368
-7255
18649
-3448
-15006
-6957
224
-12429
-8733
18643
-4481
-15146
-18426
16447
14505
-6615
-16868
-16843
10674
40
10655
11193
-1208
-14887
-13862
9315
-15708
-19427
-1556
18499
-2174
13369
-16832
-14213
-17308
-4438
14094
6857
-13529
-12871
-14100
256
5054
3080
17095
-384
3305
2491
-17351
-17697
8671
-18899
15881
-14578
-11039
-12972
16141
-4342
8385
-4389
-5427
-651
-13172
4203
12558
-4467
-5688
-12817
-18841
-12403
-19429
18300
4814
12932
2636
8230
-19345
-5279
-492
338
-16764
18575
-871
-13095
-18292
-1618
-5790
-5396
12476
636
9153
7368
-13077
11724
-5288
-14946
-8083
-17760
5674
6921
13424
-7641
-17716
6580
17475
-19673
14698
-6982
16855
-4516
-12161
7626
19942
19322
14691
-12876
2321
-4097
7554
5629
-7780
-9176
-15369
-6027
18573
-966
17446
-13456
-5758
18649
-19856
-14544
-16481
-7807
6123
-15236
-16933
15086
7591
14708
-12833
-13965
16333
-15117
-33
15070
-19982
5755
-18057
-13206
13210
-8764
-4794
14155
-5555
-15238
12702
7893
18590
-13486
2570
-10321
-16395
-3098
-15322
-14448
1365
-8622
-13636
5812
4987
-1775
11595
-4479
4690
19480
1909
-3572
18716
-19286
-19266
-8848
-12165
-6993
12353
-116
-11554
-14959
-8237
16890
-2012
-10091
8189
1680
-9100
10874
-15812
7173
-12631
-4253
4421
-10950
-8712
11451
-13552
18868
-6125
13591
-18521
-8106
13586
-4939
199
116
-2440
-12054
11732
3514
3989
2883
1406
9221
-4811
-8396
-4785
-1894
7825
5340
18589
12186
-9232
-3884
-17081
10991
-9523
5584
16221
-11027
1143
17873
-8906
-7545
5967
-8988
2291
8313
19917
15785
-14995
-7729
1952
14612
8936
-14874
-2285
5722
-4481
5790
6250
3217
18850
-5171
1025
15332
-2265
17527
16640
10555
-7619
-13123
5738
409
-9443
10137
2835
-15564
14449
7400
-16178
-3435
13128
-15317
6015
-15669
-39
-15550
-15848
9000
-11326
15010
-19518
-19379
-584
4611
-10946
8988
12499
-4399
-18070
17008
-8578
-5694
12214
8293
4031
11507
-12896
-19955
-18008
14939
-8381
-13819
-19212
-14563
2170
14659
4041
-18533
-15327
-15208
2574
11100
19539
-16237
-18420
-8169
18630
-5653
2151
-2369
-3489
18375
-18337
-12241
17690
-12683
-7417
-11215
2753
11853
-5600
-19232
-12226
-17339
-19887
-15631
12939
-15231
9042
6961
486
-8592
8321
7583
-13292
202
9984
-3681
6285
18440
-14766
-4760
-18922
-19989
19402
-17178
-1114
12728
-5066
2419
6024
-1915
13436
-7280
-6226
5099
-13702
-3356
17056
3006
-11609
8022
2753
612
-7034
19248
8455
-1948
-4637
-6077
-6309
-16148
-488
-11367
-19495
12297
-7344
-17811
839
9509
-17321
16444
3560
-15680
13066
-9861
-19319
7200
-19272
-10375
7271
12059
-2758
5752
-15263
-17385
-13784
-13407
16035
364
17980
9720
-9639
352
-7594
-9215
-14366
14636
-12430
-2962
-16388
-10468
10032
17225
12397
-9089
-12310
-17039
2162
-19783
18404
12663
16980
-1453
-2145
18597
-7280
-18797
716
-589
-10563
-12224
-5040
-15963
9578
-16855
-6728
-7337
-17997
-123
-6314
14614
6977
4642
-14275
-12827
-10743
15960
9765
13873
-18296
963
1958
3411
10621
-17998
12297
5262
10220
1105
13078
-9273
17154
-16115
1816
-11032
7785
-3589
17108
4140
9762
68
-8775
-19027
15275
-11833
6056
10115
13770
-9361
12325
-6036
-5382
9068
-348
13164
9447
-1136
10807
8079
17575
-11348
-5017
9751
7425
-7989
11478
18595
-10051
4747
-7811
-6275
-14530
-7129
9783
-9412
-15884
-14010
-3144
1543
4932
18149
-759
9356
-4173
-15071
8480
-9972
13236
5943
2663
11858
2078
9061
-3224
3103
9801
-2348
-16256
10465
7133
-2921
-7653
-15332
19244
-17456
-4223
-9466
12696
-18892
-3262
-9836
5113
3742
8774
-662
-4329
-5235
-15846
-15332
-11619
-4376
16839
14590
17978
17822
2
19653
5886
704
15859
-19938
18072
-19250
-10042
9999
19339
16663
-13195
6762
12010
-13313
13279
-13762
7188
-11393
16477
-13535
-7412
2349
19176
-15159
-1325
16454
9534
-2939
-15380
18434
-19597
1932
1510
-7243
19696
-7857
-19525
-18831
14016
-717
8989
-18660
15757
13635
14883
-2911
-797
-7247
17062
-19975
19901
-169
8656
4407
-11564
18706
-14416
-1547
12307
-9392
-5522
13431
-144
6599
17955
-14765
-18371
-6539
-15497
8223
9898
-7422
-5237
-18979
-10657
10754
5221
-7412
19226
-14840
18026
14031
-19660
11082
7725
6739
-965
-3649
17160
-9818
5193
10748
16410
-7192
-1374
7906
-10366
-18540
-14312
7231
-7034
-2036
-19845
-17626
-2932
-8636
18656
-8926
-15400
-6680
-8703
13959
-19247
14121
-10553
-6413
7576
-14288
1492
5675
-13726
-7036
-14599
203
-5230
3723
-8098
-9314
5741
16366
12304
-3108
-3447
10541
-13581
5428
4550
16641
8869
16861
3299
-11212
11896
-9924
19546
3563
11045
6154
-15983
-9513
2449
-781
7744
-13031
-4576
-16149
-15841
-12425
10559
8742
-5852
17494
17903
-18979
3416
11082
12800
1702
377
9776
9265
-10375
17266
-8251
-9518
15847
19543
6751
-12982
-11464
1439
-17865
-7714
-7131
-6407
19754
-18489
-13265
2287
18386
10402
-6130
16032
5134
-15242
-17536
-1889
7907
-4931
10305
-4608
-8654
-3032
-3342
3496
14269
-14197
-8581
4653
15739
-16173
-1768
16185
16292
3307
-16582
19618
-7353
-43
-12692
5241
13844
6582
-6172
13076
-19789
17048
-2540
-268
-17983
8077
18365
-7966
-1587
-12160
-18167
-7533
2932
18102
-8607
16196
10770
150
18205
15478
4796
-7019
-6198
-11418
-13237
-6414
-10233
-18143
-6590
-5545
-4983
7326
14487
-13682
9651
-16992
19206
5667
16612
14211
-346
-12887
3289
1345
9016
11861
7744
-17141
-507
-1582
-8135
11186
6381
11798
239
371
9482
-14031
-3110
-15649