5001
2501
7501
1251
6251
3751
8751
626
5626
3126
8126
1563
6563
4063
9063
313
5313
2813
7813
1407
6407
3907
8907
782
5782
3282
8282
2039
7039
4539
9539
157
5157
2657
7657
1329
6329
3829
8829
664
5664
3164
8164
1825
6825
4325
9325
282
5282
2782
7782
1393
6393
3893
8893
697
5697
3197
8197
1944
6944
4444
9444
141
5141
2641
7641
1305
6305
3805
8805
657
5657
3157
8157
1818
6818
4318
9318
282
5282
2782
7782
1393
6393
3893
8893
697
5697
3197
8197
1944
6944
4444
9444
141
5141
2641
7641
1305
6305
3805
8805
657
5657
3157
8157
1818
6818
4318
9318
282
5282
2782
7782
1393
6393
3893
8893
697
5697
3197
8197
1944
6944
4444
9444
141
5141
2641
7641
1305
6305
3805
8805
657
5657
3157
8157
1818
6818
4318
9318
282
5282
2782
7782
1393
6393
3893
8893
697
5697
3197
8197
1944
6944
4444
9444
141
5141
2641
7641
1305
6305
3805
8805
657
5657
3157
8157
1818
6818
4318
9318
282
5282
2782
7782
1393
6393
3893
8893
697
5697
3197
8197
1944
6944
4444
9444
141
5141
2641
7641
1305
6305
3805
8805
657
5657
3157
8157
1818
6818
4318
9318
282
5282
2782
7782
1393
6393
3893
8893
697
5697
3197
8197
1944
6944
4444
9444
141
5141
2641
7641
1305
6305
3805
8805
657
5657
3157
8157
1818
6818
4318
9318
282
5282
2782
7782
1393
6393
3893
8893
697
5697
3197
8197
1944
6944
4444
9444
141
5141
2641
7641
1305
6305
3805
8805
657
5657
3157
8157
1818
6818
4318
9318
282
5282
2782
7782
1393
6393
3893
8893
697
5697
3197
8197
1944
6944
4444
9444
141
5141
2641
7641
1305
6305
3805
8805
657
5657
3157
8157
1818
6818
4318
9318
282
5282
2782
7782
1393
6393
3893
8893
697
5697
3197
8197
1944
6944
4444
9444
141
5141
2641
7641
1305
6305
3805
8805
657
5657
3157
8157
1818
6818
4318
9318
282
5282
2782
7782
1393
6393
3893
8893
697
5697
3197
8197
1944
6944
4444
9444
141
5141
2641
7641
1305
6305
3805
8805
657
5657
3157
8157
1818
6818
4318
9318
282
5282
2782
7782
1393
6393
3893
8893
697
5697
3197
8197
1944
6944
4444
9444
141
5141
2641
7641
1305
6305
3805
8805
657
5657
3157
8157
1818
6818
4318
9318
282
5282
2782
7782
1393
6393
3893
8893
697
5697
3197
8197
1944
6944
4444
9444
141
5141
2641
7641
1305
6305
3805
8805
657
5657
3157
8157
1818
6818
4318
9318
282
5282
2782
7782
1393
6393
3893
8893
697
5697
3197
8197
1944
6944
4444
9444
141
5141
2641
7641
1305
6305
3805
8805
657
5657
3157
8157
1818
6818
4318
9318
282
5282
2782
7782
1393
6393
3893
8893
697
5697
3197
8197
1944
6944
4444
9444
141
5141
2641
7641
1305
6305
3805
8805
657
5657
3157
8157
1818
6818
4318
9318
282
5282
2782
7782
1393
6393
3893
8893
697
5697
3197
8197
1944
6944
4444
9444
141
5141
2641
7641
1305
6305
3805
8805
657
5657
3157
8157
1818
6818
4318
9318
282
5282
2782
7782
1393
6393
3893
8893
697
5697
3197
8197
1944
6944
4444
9444
141
5141
2641
7641
1305
6305
3805
8805
657
5657
3157
8157
1818
6818
4318
9318
282
5282
2782
7782
1393
6393
3893
8893
697
5697
3197
8197
1944
6944
4444
9444
141
5141
2641
7641
1305
6305
3805
8805
657
5657
3157
8157
1818
6818
4318
9318
282
5282
2782
7782
1393
6393
3893
8893
697
5697
3197
8197
1944
6944
4444
9444
141
5141
2641
7641
1305
6305
3805
8805
657
5657
3157
8157
1818
6818
4318
9318
282
5282
2782
7782
1393
6393
3893
8893
697
5697
3197
8197
1944
6944
4444
9444
141
5141
2641
7641
1305
6305
3805
8805
657
5657
3157
8157
1818
6818
4318
9318
282
5282
2782
7782
1393
6393
3893
8893
697
5697
3197
8197
1944
6944
4444
9444
141
5141
2641
7641
1305
6305
3805
8805
657
5657
3157
8157
1818
6818
4318
9318
282
5282
2782
2782
7782
1393
6393
3893
8893
697
5697
3197
8197
1944
6944
4444
9444
141
5141
2641
7641
1305
6305
3805
8805
657
5657
3157
8157
1818
6818
4318
9318
282
5282
2782
7782
1393
6393
3893
8893
697
5697
3197
8197
1944
6944
4444
9444
141
5141
2641
7641
1305
6305
3805
8805
657
5657
3157
8157
1818
6818
4318
9318
282
5282
2782
7782
1393
6393
3893
8893
697
5697
3197
8197
1944
6944
4444
9444
141
5141
2641
7641
1305
6305
3805
8805
657
5657
3157
8157
1818
6818
4318
9318
282
5282
2782
7782
1393
6393
3893
8893
697
5697
3197
8197
1944
6944
4444
9444
141
5141
2641
7641
1305
6305
3805
8805
657
5657
3157
8157
1818
6818
4318
9318
282
5282
2782
7782
1393
6393
3893
8893
697
5697
3197
8197
1944
6944
4444
9444
141
5141
2641
7641
1305
6305
3805
8805
657
5657
3157
8157
1818
6818
4318
9318
282
5282
2782
7782
1393
6393
3893
8893
697
5697
3197
8197
1944
6944
4444
9444
141
5141
2641
7641
1305
6305
3805
8805
657
5657
3157
8157
1818
6818
4318
9318
282
5282
2782
7782
1393
6393
3893
8893
697
5697
3197
8197
1944
6944
4444
9444
141
5141
2641
7641
1305
6305
3805
8805
657
5657
3157
8157
1818
6818
4318
9318
282
5282
2782
7782
1393
6393
3893
8893
697
5697
3197
8197
1944
6944
4444
9444
141
5141
2641
7641
1305
6305
3805
8805
657
5657
3157
8157
1818
6818
4318
9318
282
5282
2782
7782
1393
6393
3893
8893
697
5697
3197
8197
1944
6944
4444
9444
141
5141
2641
7641
1305
6305
3805
8805
657
5657
3157
8157
1818
6818
4318
9318
282
5282
2782
7782
1393
6393
3893
8893
697
5697
3197
8197
1944
6944
4444
9444
141
5141
2641
7641
1305
6305
3805
8805
657
5657
3157
8157
1818
6818
4318
9318
282
5282
2782
7782
1393
6393
3893
8893
697
5697
3197
8197
1944
6944
4444
9444
141
5141
2641
7641
1305
6305
3805
8805
657
5657
3157
8157
1818
6818
4318
9318
282
5282
2782
7782
1393
6393
3893
8893
697
5697
3197
8197
1944
6944
4444
9444
141
5141
2641
7641
1305
6305
3805
8805
657
5657
3157
8157
1818
6818
4318
9318
282
5282
2782
7782
1393
6393
3893
8893
697
5697
3197
8197
1944
6944
4444
9444
141
5141
2641
7641
1305
6305
3805
8805
657
5657
3157
8157
1818
6818
4318
9318
282
5282
2782
7782
1393
6393
3893
8893
697
5697
3197
8197
1944
6944
4444
9444
141
5141
2641
7641
1305
6305
3805
8805
657
5657
3157
8157
1818
6818
4318
9318
282
5282
2782
7782
1393
6393
3893
8893
697
5697
3197
8197
1944
6944
4444
9444
141
5141
2641
7641
1305
6305
3805
8805
657
5657
3157
8157
1818
6818
4318
9318
282
5282
2782
7782
1393
6393
3893
8893
697
5697
3197
8197
1944
6944
4444
9444
141
5141
2641
7641
1305
6305
3805
8805
657
5657
3157
8157
1818
6818
4318
9318
5000